Key
name_of_configuration
Max Macro-F1: Macro-F1 for each epoch starting with the first and going to the last.
bow_en 
28.876: 28.876 
29.061: 29.061 
29.101: 29.101 
29.134: 29.134 
29.25 : 29.25  
28.947: 28.947 
28.788: 28.788 
29.138: 29.138 
29.174: 29.174 
29.501: 29.501 
bow_es 
16.483: 16.483 
16.522: 16.522 
16.862: 16.862 
16.358: 16.358 
17.074: 17.074 
16.723: 16.723 
16.828: 16.828 
16.04 : 16.04  
16.335: 16.335 
15.659: 15.659 
bow_fair 
28.876: 28.876 
29.061: 29.061 
29.101: 29.101 
29.134: 29.134 
29.25 : 29.25  
28.947: 28.947 
28.788: 28.788 
29.138: 29.138 
29.174: 29.174 
29.501: 29.501 
char_cnn_bilstm_us_train_128_128 
28.572: 22.38   24.627  25.996  27.063  27.213  28.296  27.462  28.572  28.197  28.555  28.172  28.29   28.293 
29.526: 20.272  24.392  25.624  26.943  27.467  28.721  28.779  28.501  29.041  29.526  29.09   29.15   28.764  29.126  28.221 
29.353: 23.087  24.994  26.626  27.671  27.943  28.583  28.415  28.501  28.656  28.79   28.619  29.028  28.927  29.338  29.168  29.035  28.851  28.936  29.353  29.167  29.087  29.258  29.081  28.972 
29.361: 22.796  26.154  27.056  28.025  27.933  28.062  28.995  28.54   28.409  29.013  29.173  28.874  29.093  29.249  29.361  28.499  28.732  28.847  28.814  29.026 
29.015: 22.205  25.512  26.052  27.434  27.765  27.824  27.727  27.652  27.894  28.333  28.576  28.706  28.381  28.744  29.015  28.273  28.663  28.507  28.905  28.822 
29.562: 24.136  26.35   28.214  28.604  29.118  29.018  29.057  28.839  29.139  28.853  29.257  29.562  28.801  29.362  29.062  29.023  29.513 
28.982: 21.798  24.256  25.925  26.634  27.401  27.689  27.91   28.203  27.845  28.514  28.265  27.823  28.482  28.309  28.76   28.982  28.278  28.246  28.529  28.51   27.91  
29.329: 22.905  26.156  26.282  27.535  28.485  27.718  28.165  28.804  28.925  28.851  29.329  29.18   29.094  29.26   28.749  29.203 
29.896: 23.203  25.815  27.09   27.069  28.382  28.7    28.387  28.776  28.635  29.01   29.009  29.896  29.353  29.435  29.4    29.427  29.457 
29.282: 22.466  24.884  27.118  27.237  27.973  28.778  28.693  28.813  28.651  28.716  28.362  28.89   28.805  28.919  29.282  28.873  29.115  29.115  28.967  28.703 
char_cnn_bilstm_us_train_128_128_es 
15.722: 6.734   8.735   12.148  12.585  13.237  14.124  14.884  14.962  15.722  15.31   15.06   15.362  15.421  15.562 
16.067: 8.22    8.62    11.241  12.395  13.144  13.843  13.666  14.569  14.847  15.106  14.455  16.067  15.903  15.358  15.515  14.772  15.941 
15.98 : 8.162   8.887   10.993  12.427  13.241  13.336  14.407  15.21   14.573  14.972  15.301  15.98   15.643  15.208  15.177  15.481  14.937 
16.609: 8.051   8.943   11.191  13.343  13.408  13.515  14.547  15.5    15.348  15.393  15.603  16.103  15.853  15.885  15.722  16.269  16.406  16.125  16.179  16.385  16.325  16.609  15.991  15.516  15.531  15.954  16.002 
16.235: 7.647   8.778   10.302  12.786  12.62   14.306  13.828  14.248  14.298  15.201  15.624  15.066  15.729  15.778  15.522  15.408  16.235  15.384  15.91   15.232  15.815  16.038 
15.842: 8.01    8.597   10.003  12.93   13.209  13.184  13.96   14.524  15.014  15.304  15.842  15.483  15.45   15.688  15.713  15.492 
16.703: 7.817   9.067   10.578  13.435  13.849  15.099  14.366  15.331  15.867  16.029  16.335  15.589  16.249  16.114  16.007  16.703  16.236  16.308  16.188  16.395  16.454 
16.534: 7.371   9.61    11.892  12.969  12.958  14.132  14.753  14.268  16.149  15.47   15.427  16.04   16.437  15.997  15.886  15.781  16.534  16.165  15.921  16.428  16.327  15.952 
16.632: 8.01    9.131   10.779  11.874  13.345  14.153  13.842  14.492  14.621  15.492  15.592  16.04   15.958  15.658  16.22   15.981  16.017  16.253  16.632  15.676  15.596  15.636  15.975  15.81  
15.197: 7.981   9.565   10.393  12.208  12.71   13.89   13.921  15.197  13.856  14.982  14.705  14.914  15.118 
char_cnn_lstm_us_train 
29.096: 22.311  25.558  26.136  26.105  27.635  27.461  28.299  28.018  27.62   28.273  28.041  28.772  28.332  28.17   29.012  28.95   28.523  29.096  28.807  28.137  29.038  28.289  28.785 
29.707: 21.586  25.61   25.644  26.723  27.279  27.521  27.883  27.74   27.255  28.056  28.866  28.09   28.129  28.932  28.9    28.301  29.177  28.493  29.707  29.289  28.28   28.661  28.537  29.54  
28.261: 22.931  24.606  25.176  26.431  26.927  26.895  27.419  26.753  27.244  28.261  27.585  27.763  27.451  27.675  27.986 
28.926: 21.976  24.566  25.332  26.818  27.363  27.401  27.403  28.029  27.671  27.611  27.586  28.055  28.499  28.682  28.457  28.226  28.172  28.619  28.887  28.926  28.556  28.451  28.277  28.405  28.777 
29.789: 22.583  25.126  26.437  27.561  27.429  28.108  27.768  28.558  27.198  28.546  27.846  28.96   28.787  28.196  29.499  29.232  29.384  29.789  29.109  29.273  29.359  28.689  29.567 
29.218: 22.928  24.825  26.162  26.725  27.107  27.956  28.3    28.378  28.289  28.907  28.824  29.218  28.992  28.449  28.545  28.293  28.997 
28.333: 21.78   24.293  24.396  25.673  26.072  26.066  26.806  27.338  27.717  28.019  28.333  27.821  28.01   27.746  27.729  28.178 
29.13 : 20.827  25.209  25.486  25.835  27.43   27.113  27.912  27.639  27.111  28.513  27.457  28.144  28.847  28.95   28.313  28.746  28.876  29.13   28.49   28.706  28.549  28.844  28.939 
28.833: 22.85   25.676  25.955  26.907  27.487  27.628  27.97   27.261  27.836  27.725  28.202  28.21   28.372  28.099  28.353  27.665  28.722  28.331  28.833  28.445  28.671  28.479  28.498  28.451 
28.868: 23.819  25.075  25.758  26.639  26.381  26.867  28.22   27.06   28.0    27.753  28.521  28.474  28.575  28.251  28.071  28.568  28.023  28.868  28.394  28.66   28.604  28.345  28.84  
char_cnn_lstm_us_train_128_128 
29.471: 22.252  25.203  25.51   26.755  27.408  28.359  27.976  28.206  28.151  28.462  28.732  28.911  28.313  28.091  28.342  28.923  28.809  28.897  28.475  29.137  28.62   28.728  29.412  29.471  29.011  29.213  28.648  28.285  29.005 
29.362: 21.486  24.662  26.045  27.513  27.874  28.317  27.907  29.024  28.662  28.288  29.075  28.521  29.362  29.285  29.321  29.027  28.423  29.216 
29.243: 22.279  24.519  25.929  26.36   26.872  27.809  27.792  27.425  27.884  28.429  28.253  28.683  28.522  28.467  28.656  28.791  28.525  29.2    28.805  29.243  28.747  28.764  29.211  28.876  28.721 
29.636: 22.17   25.039  27.162  26.853  27.814  27.975  28.234  28.501  29.185  28.787  28.444  29.061  29.29   29.094  29.242  28.881  29.491  29.636  28.982  29.278  29.218  28.856  29.088 
29.47 : 21.681  25.29   26.204  26.972  27.663  28.427  28.258  28.783  28.63   29.137  29.439  28.653  29.252  29.339  28.934  29.47   29.337  29.21   29.237  29.39   29.074 
28.961: 22.52   25.227  25.847  27.048  27.387  28.376  27.753  28.043  28.792  28.227  28.961  28.399  28.317  28.958  28.285  28.508 
28.505: 22.973  24.498  26.344  26.816  27.21   26.668  27.35   27.558  27.578  28.505  28.271  27.99   28.017  28.277  28.437 
29.763: 22.542  24.988  26.212  27.205  27.52   28.682  28.332  28.468  28.611  28.518  29.36   28.273  29.763  29.29   29.356  29.143  29.094  29.183 
29.373: 22.09   24.457  26.045  26.465  28.258  27.379  27.618  28.858  29.373  28.554  28.535  28.615  29.143  28.967 
29.218: 22.916  25.042  26.095  26.94   27.928  27.677  28.431  28.858  28.606  28.331  29.022  29.218  28.81   29.138  28.66   28.633  28.683 
char_cnn_lstm_us_train_128_128_fair_training 
29.227: 23.604  24.862  25.938  27.094  27.49   27.433  27.429  27.616  29.227  28.748  28.363  29.102  28.16   28.931 
29.872: 22.199  25.084  26.607  27.158  27.31   27.797  28.281  28.562  28.109  28.599  28.766  28.748  28.89   29.162  29.0    28.989  29.872  29.496  29.141  28.739  28.874  29.372 
28.349: 20.514  24.463  26.813  27.009  26.975  26.96   28.349  28.015  28.063  28.334  27.58   28.277 
29.298: 22.351  24.766  25.58   27.507  27.29   27.786  27.748  29.015  28.243  29.298  28.736  28.732  28.991  28.914  29.152 
29.228: 22.626  25.263  25.554  26.554  26.866  28.051  28.322  28.151  28.377  28.581  28.714  29.158  28.827  28.979  28.506  28.612  29.228  28.69   28.722  28.616  28.916  28.421 
29.679: 21.994  24.471  26.231  26.116  27.764  28.231  28.599  28.03   28.648  28.996  28.913  28.745  29.334  29.046  28.635  29.679  28.561  29.27   29.318  28.761  28.652 
29.383: 21.929  25.849  26.013  27.211  27.565  27.633  27.588  28.82   27.595  28.526  28.543  28.506  29.383  28.976  28.775  28.343  28.637  28.391 
29.204: 21.527  25.51   26.511  26.278  27.423  28.276  28.141  28.687  28.519  28.444  29.095  28.808  28.524  28.968  29.204  28.453  29.189  28.721  28.685  29.136 
29.876: 22.512  24.327  26.082  28.234  27.881  27.789  28.669  29.15   29.24   29.313  29.621  29.014  29.861  29.876  29.183  29.395  29.773  29.307  29.421 
29.408: 21.719  24.199  26.645  26.609  27.735  28.821  28.175  29.171  28.658  28.56   29.042  29.408  29.032  28.776  29.246  28.973  28.482 
char_cnn_lstm_us_train_17 
28.951: 21.811  25.203  26.328  25.898  27.246  26.519  27.505  27.735  27.393  27.954  28.754  28.287  28.951  28.11   28.505  28.452  28.504 
29.167: 22.64   24.171  25.84   26.641  26.982  27.42   27.909  28.317  28.954  28.463  29.167  28.934  28.832  28.92   28.445  28.966  29.027 
28.908: 22.006  25.162  25.49   25.348  27.357  27.266  28.397  27.733  28.578  28.111  28.381  27.808  28.49   28.908  28.329  27.989  28.11  
29.197: 22.305  25.158  24.634  26.513  27.159  27.114  27.65   27.808  27.635  28.546  28.559  29.197  28.416  29.005  28.959  29.059  28.669 
29.404: 22.349  25.479  26.402  27.381  27.177  27.369  27.523  27.476  27.172  27.706  28.024  28.682  28.365  28.764  28.787  29.404  28.757 
29.001: 22.2    24.409  26.693  26.035  27.986  28.089  27.979  27.977  29.001  27.786  28.385  28.195  28.869  28.986  28.154  28.095  28.923 
28.686: 21.581  24.533  26.541  26.638  26.736  27.541  27.803  28.04   27.737  28.686  27.916  28.161  27.773  28.26   28.26   28.374  28.254 
28.876: 22.488  24.127  25.33   27.114  25.718  26.392  27.423  27.346  28.031  28.613  28.723  28.524  28.695  28.876  28.47   28.568  28.494 
28.891: 20.643  24.863  25.781  27.308  27.357  27.171  26.673  28.267  27.339  28.141  28.107  28.586  28.891  28.41   28.85   28.773  28.589 
28.733: 22.034  25.101  26.727  27.387  26.503  26.62   27.9    27.824  28.214  27.47   28.384  27.9    28.255  28.73   28.733  28.316  28.092 
char_lstm_us_train_17 
24.356: 9.04    14.689  16.704  18.097  20.602  21.652  22.364  21.532  22.602  23.448  23.17   23.744  23.731  23.935  23.899  24.113  24.356 
24.357: 12.488  15.453  16.624  17.931  20.914  21.494  22.767  22.763  23.304  23.078  23.727  23.337  23.484  24.176  23.678  24.357  24.126 
24.204: 11.574  15.136  16.705  18.681  20.568  21.873  21.796  22.063  22.59   22.203  22.905  22.861  22.486  23.852  24.204  23.245  23.072 
23.881: 9.081   14.455  16.179  20.305  21.106  20.524  22.222  22.41   22.312  22.638  22.981  23.365  23.366  23.881  23.559  23.64   23.279 
23.917: 11.077  14.818  17.122  19.502  20.057  21.202  21.791  22.009  22.11   22.039  22.974  22.588  23.742  23.237  23.834  23.571  23.917 
25.158: 12.487  15.895  17.347  20.148  20.815  22.139  21.412  22.388  22.625  22.874  23.073  24.314  23.985  23.621  23.913  25.158  24.552 
24.101: 9.421   14.67   16.68   19.875  20.912  20.822  22.028  21.866  22.09   22.554  22.801  22.75   22.829  22.921  24.101  23.368  23.708 
24.549: 8.978   13.01   15.688  17.46   19.945  21.146  21.602  21.995  21.658  22.208  21.992  23.085  22.818  23.21   23.688  23.481  24.549 
24.321: 9.346   15.357  17.474  19.93   21.298  21.389  21.678  22.611  22.754  22.587  23.268  23.457  23.397  23.487  23.47   23.256  24.321 
24.961: 9.124   15.325  19.467  20.637  21.488  22.076  21.901  22.775  23.478  23.058  23.375  23.395  24.099  23.884  24.204  24.961  24.564 
char_lstm_us_train_17_128_128 
27.684: 11.979  17.185  21.304  22.572  23.113  24.551  25.066  26.599  26.148  26.459  26.825  26.459  27.684  27.16   27.454  27.466  27.606 
27.744: 11.982  16.661  19.046  22.93   23.656  24.363  25.085  25.55   26.305  26.934  26.959  26.292  27.274  26.853  27.386  27.184  27.744 
27.793: 13.125  17.081  19.732  21.663  23.22   24.219  24.48   24.975  25.83   26.361  25.986  26.26   26.298  26.83   26.867  26.511  27.793 
28.01 : 12.438  16.475  21.56   22.503  24.763  25.496  25.593  26.083  26.541  26.853  26.128  26.609  27.733  27.366  28.01   27.45   27.831 
28.334: 13.235  17.04   21.048  22.171  23.317  24.894  24.786  24.774  26.353  25.992  26.241  26.715  26.964  27.656  27.238  27.438  28.334 
28.549: 12.59   17.582  20.721  23.19   23.961  24.691  25.769  25.229  26.439  26.5    27.028  28.367  27.642  28.307  27.882  28.204  28.549 
26.961: 12.176  16.762  20.567  22.013  24.286  23.973  24.421  24.911  25.09   25.659  26.064  26.454  26.556  26.617  26.77   26.961  26.918 
28.237: 13.383  17.184  21.191  22.506  23.635  24.578  24.991  26.227  25.766  26.137  27.088  26.987  26.731  27.043  27.121  28.237  26.986 
27.476: 12.651  17.074  20.488  22.552  22.751  24.157  25.081  25.023  25.612  25.695  25.992  26.591  26.554  26.46   26.906  26.411  27.476 
27.511: 12.27   16.284  19.421  21.744  23.933  24.912  25.096  25.385  26.327  26.02   26.746  26.818  27.511  27.411  26.86   27.371  26.889 
lsvc_en 
32.909: 32.909 
32.688: 32.688 
32.395: 32.395 
32.97 : 32.97  
32.731: 32.731 
32.967: 32.967 
32.3  : 32.3   
32.565: 32.565 
32.829: 32.829 
32.951: 32.951 
lsvc_es 
17.964: 17.964 
17.827: 17.827 
17.755: 17.755 
18.656: 18.656 
18.31 : 18.31  
17.936: 17.936 
17.962: 17.962 
17.495: 17.495 
17.9  : 17.9   
18.036: 18.036 
mfc_en 
1.783 : 1.783  
1.797 : 1.797  
1.762 : 1.762  
1.784 : 1.784  
1.79  : 1.79   
1.782 : 1.782  
1.771 : 1.771  
1.8   : 1.8    
1.776 : 1.776  
1.798 : 1.798  
mfc_es 
1.687 : 1.687  
1.777 : 1.777  
1.723 : 1.723  
1.767 : 1.767  
1.781 : 1.781  
1.752 : 1.752  
1.793 : 1.793  
1.729 : 1.729  
1.741 : 1.741  
1.737 : 1.737  
rand_en 
4.591 : 4.591  
4.503 : 4.503  
4.48  : 4.48   
4.47  : 4.47   
4.421 : 4.421  
4.471 : 4.471  
4.507 : 4.507  
4.519 : 4.519  
4.365 : 4.365  
4.578 : 4.578  
rand_es 
4.802 : 4.802  
4.638 : 4.638  
5.06  : 5.06   
4.861 : 4.861  
4.737 : 4.737  
4.597 : 4.597  
4.858 : 4.858  
5.277 : 5.277  
4.598 : 4.598  
4.973 : 4.973  
word_cnn 
25.789: 22.459  23.877  23.582  24.221  23.79   24.539  23.783  25.615  24.751  24.755  24.439  25.125  24.997  25.039  25.789  24.697  25.468  25.379  24.913  25.5   
22.054: 22.054  19.417  18.717  19.433  18.894  18.745  18.672  18.298  18.231  18.159  19.074  18.538  18.981  18.477  19.239  18.994  18.426  18.754  18.57   18.732 
22.751: 22.751  21.357  19.785  19.761  19.889  20.225  19.06   18.994  19.513  19.485  19.379  18.887  18.843  18.857  19.393  18.812  19.596  18.861  19.288  19.168 
22.611: 22.611  21.822  21.584  20.325  19.804  19.26   19.465  19.872  19.511  19.488  19.663  19.897  19.389  19.652  19.346  18.946  19.43   19.901  19.307  19.391 
22.58 : 22.131  22.58   21.515  19.872  20.433  19.678  19.798  20.241  20.148  19.776  19.547  19.351  20.128  19.292  19.057  19.707  19.72   19.893  19.764  19.201 
23.079: 23.079  22.026  21.056  20.705  20.177  20.719  20.633  19.793  20.437  20.281  19.903  19.998  20.024  19.925  20.447  20.363  19.552  19.773  20.429  19.563 
23.332: 22.589  23.332  22.589  21.588  21.527  20.61   20.157  20.654  20.434  20.377  19.881  20.056  19.924  20.09   20.653  20.602  20.291  20.286  20.246  20.257 
23.811: 22.742  23.811  22.743  22.337  21.387  21.065  21.3    20.928  20.721  20.334  20.834  20.762  20.708  20.062  20.729  20.032  20.04   20.004  20.549  20.198 
23.678: 22.652  23.678  22.892  20.988  21.925  21.115  21.25   20.82   20.679  20.336  20.982  20.455  20.273  20.532  20.696  20.723  20.5    20.877  20.831  20.793 
22.998: 22.225  22.998  22.95   22.281  22.875  22.913  22.462  21.968  22.088  22.699  22.855  22.475  22.273  22.303  22.656  22.681  22.305  22.211  22.26   19.681 
