============= RandModel =============
Doing 10 cross folds------ English Results ------
Macro F-Score (official): 4.376
-----
Micro F-Score: 4.9
Precision: 4.9
Recall: 4.9

----- Details -----
Training data len: 45000 Testing data len: 5000
Training data class counts: 0: 9704, 1: 4758, 2: 4737, 3: 2577, 4: 2274, 5: 2079, 6: 1845, 7: 1695, 8: 1619, 9: 1500, 10: 1385, 11: 1385, 12: 1333, 13: 1193, 14: 1248, 15: 1101, 16: 1169, 17: 1158, 18: 1157, 19: 1083
Testing  data class counts: 0: 1056, 1: 521, 2: 504, 3: 308, 4: 243, 5: 238, 6: 204, 7: 199, 8: 177, 9: 171, 10: 159, 11: 143, 12: 129, 13: 153, 14: 129, 15: 148, 16: 137, 17: 121, 18: 129, 19: 131
--- Matrix ---
 0: 59 44 50 49 43 50 61 51 55 59 49 45 46 65 50 59 54 56 55 56   ∑ = 1056
 1: 26 19 27 28 23 21 30 20 25 27 22 27 28 23 38 23 31 25 28 30   ∑ =  521
 2: 28 30 23 31 31 26 25 28 12 26 27 28 25 21 17 23 29 20 25 29   ∑ =  504
 3: 15 16 16 11 12 19 20 16 25 10  6 17 13 13 19 16 25 11 15 13   ∑ =  308
 4: 14  9 11 14  8 18 12  6 12  9  8 20 15  7 14  9 11 19 16 11   ∑ =  243
 5: 11 11 12 13 11 16 11  6  9 13 14 13 14 11  6 12 17 11  8 19   ∑ =  238
 6:  6 12 11 12  6  9 12  7  7  4 13  8 16 11 12 12  9 11 11 15   ∑ =  204
 7: 14  6 12 11 13  8  7 13  8 11  9  4 12  8  8 11 12 10 11 11   ∑ =  199
 8:  4  9 11 11  8 10  7  5  7 13 10 11  8 11 11  8  6  5 12 10   ∑ =  177
 9: 11  7  7 11  7  8  9  7  9  7 11  7  9  5  7 15  7  9  6 12   ∑ =  171
10:  7  6  9  6 12 10  5  8  5  9 11 10  6  5  7  9 10 12  2 10   ∑ =  159
11: 10  9  6  5  8  3  9  7  7  8  9  7  8  8  6  3  8  6  7  9   ∑ =  143
12:  9  8  4  6 10  6  8  6  0  8 10 11 10  5  4  4  5  3  9  3   ∑ =  129
13:  8 12  5  4 13 12  8  2  7 12  7  7 11  4  8  6  6  6 10  5   ∑ =  153
14:  7  4  4  4  8 12  6 10  6  2  5  5  8  4  5  8  6 10  5 10   ∑ =  129
15:  9  6  6 13  8  6 10  8  4  2  8  6 13  4  6 10  9  6  5  9   ∑ =  148
16:  7  5  8  6  4  9  5 11  9  9  3 11  6  4 12  7  7  4  5  5   ∑ =  137
17:  6  9  5  6  5  4  5  3  4  8  8  6  2  7  7  7  8  8  4  9   ∑ =  121
18:  9 14  5  4  7  8  4  5  5  4  6  6  3  6  8 12  4  5  5  9   ∑ =  129
19: 12  6  9  5  6  5  5  8  6  4  7  9 10  0  8  8  4  6 10  3   ∑ =  131

------ English Results ------
Macro F-Score (official): 4.649
-----
Micro F-Score: 5.3
Precision: 5.3
Recall: 5.3

----- Details -----
Training data len: 45000 Testing data len: 5000
Training data class counts: 0: 9626, 1: 4777, 2: 4712, 3: 2616, 4: 2269, 5: 2087, 6: 1851, 7: 1701, 8: 1597, 9: 1525, 10: 1387, 11: 1381, 12: 1327, 13: 1226, 14: 1228, 15: 1109, 16: 1197, 17: 1150, 18: 1149, 19: 1085
Testing  data class counts: 0: 1134, 1: 502, 2: 529, 3: 269, 4: 248, 5: 230, 6: 198, 7: 193, 8: 199, 9: 146, 10: 157, 11: 147, 12: 135, 13: 120, 14: 149, 15: 140, 16: 109, 17: 129, 18: 137, 19: 129
--- Matrix ---
 0: 67 54 66 63 47 63 48 57 64 75 64 66 69 49 47 50 39 55 46 45   ∑ = 1134
 1: 25 17 17 31 24 28 37 35 22 16 30 23 36 16 32 22 28 12 29 22   ∑ =  502
 2: 22 29 28 28 27 26 26 27 29 28 25 23 21 27 26 27 29 31 26 24   ∑ =  529
 3: 14 18 12 13 13 12 10 11 17 11 15 18 10 14 16 18 16 13 11  7   ∑ =  269
 4: 17 16 15 12 15  5 12 18 15 11 13 12 15 10 10  5  9 14 10 14   ∑ =  248
 5: 18 15 10 11 13 15  9 11 12 14 11 14  8  9 12  8  9  9  9 13   ∑ =  230
 6: 11  9 14  4  8 12 16 14 12 17  9  3  4  7  8 14 13  9  8  6   ∑ =  198
 7: 10  6 11 13 14  5 20  6  8  6  8 12  9 11  6 11  9 10  9  9   ∑ =  193
 8: 12 10 12 10  9  8 11  8 12  9  9  5 11 13  7 11  7 16 10  9   ∑ =  199
 9:  9  5  8  6  9  8  5 13  8  8  9  5  8  8  4 10  4  7  9  3   ∑ =  146
10:  5  8  8 14  9  6  9  6  5  8  6  3  8 10  6  7 11 10 11  7   ∑ =  157
11:  3 10 10  6  9  9 10  8  8  6 13  7  3  7  5  5  5  6  7 10   ∑ =  147
12:  8  3  8  3  7  7 11 10  8  4  4  1  9  8  8  5  8  7  4 12   ∑ =  135
13:  5  2  4  5  5  7  6  6  6  7  8  8  3  5  7  7  7  4  8 10   ∑ =  120
14:  9  5  6  4  9 10  8  4  5  9  7  5  6 15  9  8  8  8  8  6   ∑ =  149
15:  6  8  7  8  6  7  5 11  7  4  2  5  5  4  7 10 11  7 14  6   ∑ =  140
16:  7  3  3  8  8  1  7  3  1  9  8  5  8  9  8  1  7  3  3  7   ∑ =  109
17:  2  2  8  2  7  6 11  8  7  9  9  6  7  4 13  7  5  4  3  9   ∑ =  129
18:  6  7  6  9  7  9  8  9  1  6  4  7 15 12  6  4  4  4  5  8   ∑ =  137
19:  2 11 10  4 10  6  7  4  8  5  7  6  5  5  7 11  8  5  2  6   ∑ =  129

------ English Results ------
Macro F-Score (official): 4.242
-----
Micro F-Score: 4.84
Precision: 4.84
Recall: 4.84

----- Details -----
Training data len: 45000 Testing data len: 5000
Training data class counts: 0: 9645, 1: 4771, 2: 4726, 3: 2582, 4: 2295, 5: 2075, 6: 1857, 7: 1705, 8: 1616, 9: 1493, 10: 1399, 11: 1378, 12: 1312, 13: 1209, 14: 1247, 15: 1130, 16: 1178, 17: 1146, 18: 1148, 19: 1088
Testing  data class counts: 0: 1115, 1: 508, 2: 515, 3: 303, 4: 222, 5: 242, 6: 192, 7: 189, 8: 180, 9: 178, 10: 145, 11: 150, 12: 150, 13: 137, 14: 130, 15: 119, 16: 128, 17: 133, 18: 138, 19: 126
--- Matrix ---
 0: 55 53 65 51 57 52 54 69 55 62 48 61 56 55 43 53 53 56 52 65   ∑ = 1115
 1: 20 22 23 27 30 22 32 27 28 26 25 21 22 28 25 17 30 37 27 19   ∑ =  508
 2: 26 19 28 27 21 30 29 22 21 20 22 22 25 29 38 24 36 28 20 28   ∑ =  515
 3: 15  9 10 17 16 17 13 15 15 15 21 15 21 13 12 21 14 15 15 14   ∑ =  303
 4: 10 13 12 10 11 16  9 10  9 10 14 12 16  7  8 11 12 12  6 14   ∑ =  222
 5: 14 10  9 12 12 11 15 15  8 21 13 13 11  9 10 11 15  7 14 12   ∑ =  242
 6:  6 14  7 14  6  7 12 16  6  8 10  7 11  3  8 11 16  8 17  5   ∑ =  192
 7: 12 12  6 11  5  8  6 13  7 13  9 13 13  9 10  5  8 10  8 11   ∑ =  189
 8: 13  6  4 10  5  9 11  6  8 10 13  9 14 12  9 10  7  8  8  8   ∑ =  180
 9: 12 12 10 10 15  7 11  8 10  6 10 11 10  8  4  7  9  9  7  2   ∑ =  178
10:  8  9  7  4  6  7 10  7  9  6  8  8  5  9  6  6  5  5  8 12   ∑ =  145
11:  8 10  8  8  5 10  5  8  6  5  9  7  8  5  4  7  7  8  6 16   ∑ =  150
12: 10  7  9  8  7  8  5 10 10  4  7  3  7  4  8 11  8  6 11  7   ∑ =  150
13: 10  3  3 10  5 18  6  5  4  5 13 10  7  3  4  2  7 10  7  5   ∑ =  137
14:  9  7  5  6  4 14  4  4  6  7  4  6  6  6  8  5  8  8  7  6   ∑ =  130
15:  7  2  7  7  6  5  5  6  4  8  9  8  7 12  3  4  2  6  4  7   ∑ =  119
16:  8  8 12  8  4  2  5  4  6  7  2  4  9  4 11  7  5  4  5 13   ∑ =  128
17: 15  6  5  6  7 11 10  9  5  6  5  4  7  5  5  3  9  5  5  5   ∑ =  133
18:  9 10  7 10  7  7  5  4  5  9  4  8  9  4  7 11  5  8  5  4   ∑ =  138
19:  7  9  4  6  4  8  3  4  7  3  7  5  6  8 12  8  9  1  8  7   ∑ =  126

------ English Results ------
Macro F-Score (official): 4.323
-----
Micro F-Score: 4.68
Precision: 4.68
Recall: 4.68

----- Details -----
Training data len: 45000 Testing data len: 5000
Training data class counts: 0: 9671, 1: 4728, 2: 4762, 3: 2578, 4: 2269, 5: 2077, 6: 1844, 7: 1703, 8: 1617, 9: 1511, 10: 1395, 11: 1381, 12: 1316, 13: 1214, 14: 1232, 15: 1129, 16: 1168, 17: 1144, 18: 1175, 19: 1086
Testing  data class counts: 0: 1089, 1: 551, 2: 479, 3: 307, 4: 248, 5: 240, 6: 205, 7: 191, 8: 179, 9: 160, 10: 149, 11: 147, 12: 146, 13: 132, 14: 145, 15: 120, 16: 138, 17: 135, 18: 111, 19: 128
--- Matrix ---
 0: 49 52 60 53 57 56 44 50 52 56 51 63 72 50 60 57 57 56 47 47   ∑ = 1089
 1: 29 19 31 34 27 28 25 33 19 30 31 27 20 25 25 31 27 31 32 27   ∑ =  551
 2: 19 32 20 24 20 26 25 18 27 29 22 29 28 16 22 19 29 25 28 21   ∑ =  479
 3: 13 13 13 13 10 29 13 18 10 16 14 19 16 11 18 14 11 16 26 14   ∑ =  307
 4:  8 15 10 15 15 11 10 21  8 11  9  9 11 19 15 12  9 16 13 11   ∑ =  248
 5: 13 11 14 13  5 10  8 14 12  9 19 15 11 11 12  8 11 21  8 15   ∑ =  240
 6:  7 12 13  7  6  9  8 12 10 13 14  8 13 10 17  9  9  7 11 10   ∑ =  205
 7: 15  6 10  6 10 13 18  9 13 10 11  5  7 10 10  9  8  6  7  8   ∑ =  191
 8:  6  8 16  5  8  8  7 11 10  7 11 11 18  7  8  5  9  8 10  6   ∑ =  179
 9:  8  9  4  7 10  5  9  8  7  6  7  9  7 15  6  9  9 10  6  9   ∑ =  160
10:  7  6  7  8  9  3  7  7  8  9  7  6  6  6 10  8  9 11  8  7   ∑ =  149
11:  4 10  9  4  6  4  7 11  5  4  8  6  9  9 12  4  6  8 13  8   ∑ =  147
12:  9  6 10  4  6 10  7  7  8 11  7 10  7  6  6  5  9  8  3  7   ∑ =  146
13:  7  7  5  6  6 11  8  5  9  3  8  8  7  5  8  3  6  5  8  7   ∑ =  132
14:  6  4  7  7 14 12  9  2  7  7  7  8  3  5 10 11  8  9  4  5   ∑ =  145
15:  1  6  5  7  6  6  7  8  3 11  4  4  7  9  3 11  7  8  2  5   ∑ =  120
16: 11  8  5  2  8  5 10  7  4  9  7  3  5  4  6  6  7  8  7 16   ∑ =  138
17:  7 14  4  4  7  4  6  8  6 10  7  8  4  5  5  8  5 11  5  7   ∑ =  135
18:  7  3  3  1  5  7  2  9  2  7  4  6  4 11  6  2  8  5  8 11   ∑ =  111
19: 11  5 10  6  7  4  3  6  5  5  9  5  2  4 10  7 11 11  4  3   ∑ =  128

------ English Results ------
Macro F-Score (official): 4.512
-----
Micro F-Score: 5.06
Precision: 5.06
Recall: 5.06

----- Details -----
Training data len: 45000 Testing data len: 5000
Training data class counts: 0: 9678, 1: 4732, 2: 4700, 3: 2604, 4: 2243, 5: 2081, 6: 1841, 7: 1727, 8: 1607, 9: 1496, 10: 1417, 11: 1387, 12: 1314, 13: 1221, 14: 1241, 15: 1137, 16: 1152, 17: 1172, 18: 1161, 19: 1089
Testing  data class counts: 0: 1082, 1: 547, 2: 541, 3: 281, 4: 274, 5: 236, 6: 208, 7: 167, 8: 189, 9: 175, 10: 127, 11: 141, 12: 148, 13: 125, 14: 136, 15: 112, 16: 154, 17: 107, 18: 125, 19: 125
--- Matrix ---
 0: 51 48 50 53 65 52 42 54 65 60 58 60 49 66 64 49 56 44 45 51   ∑ = 1082
 1: 20 29 33 26 27 24 19 28 30 24 37 24 26 22 37 24 37 28 29 23   ∑ =  547
 2: 27 24 28 28 22 29 29 24 29 30 29 22 26 26 29 25 27 29 23 35   ∑ =  541
 3: 11 13 14 15 16 10 15 12  9 14 13 23 17 16 10 18 19  9 14 13   ∑ =  281
 4: 16 21 14  9  9 11 14 14 12 15 12 19  6 19  7 13 15 14 17 17   ∑ =  274
 5: 15 20 11 15 10 10 17 10 11  7  7 10 14 16 13 13  3 16 10  8   ∑ =  236
 6:  5 10 12  8 15  9 16  8 20  5  6  9 11  8 12 12 12 11  9 10   ∑ =  208
 7:  9  9  5  6  9  5  8 10 10  9 11  8 11  7 10  7  9  9  8  7   ∑ =  167
 8: 12 10 10 12  5 15 14  6 13  4 14  8  5 10  9  7  8 10  7 10   ∑ =  189
 9:  6  5  8  7 12  7  5  9 11  8  9 11 16 13  9  8 10  8  9  4   ∑ =  175
10:  3  6  6  7  9  6  4  8  7 14  6  5  3  9  5  3  7  6  5  8   ∑ =  127
11:  8  3  5  6  4  9  7  5 10  7  6  7  8 10  5  6  7 11 11  6   ∑ =  141
12:  8 12  8  6  9  4 12  5  7  7  3  8 10  5 11  7  4 14  6  2   ∑ =  148
13:  4  8  4  8  5  8  7  8  6  4  7  4  6  6 10  4  7  7  6  6   ∑ =  125
14:  5  9  5  4  7  5  9  6 10  5  5  8  5  8  5  4 12 11  7  6   ∑ =  136
15:  4  2  5  2  7  4  6  5  6  9  6  5  7 10  7  6  7  5  3  6   ∑ =  112
16: 10  5  9  9  6  8 10  4  6  6 10  6  9  7  7  9  7  7 12  7   ∑ =  154
17:  8  5  3  3  6  3  4  8  8  1  8  5  4  4  5 10  6  3  7  6   ∑ =  107
18:  7  3  7  9  8  6  2  7  7  6  4  8  7  2  4  7 11  6  6  8   ∑ =  125
19:  6  6  6  4  7  6  7  6  5  2  5  6 11 10  5  9  9  5  2  8   ∑ =  125

------ English Results ------
Macro F-Score (official): 4.38
-----
Micro F-Score: 4.94
Precision: 4.94
Recall: 4.94

----- Details -----
Training data len: 45000 Testing data len: 5000
Training data class counts: 0: 9731, 1: 4743, 2: 4735, 3: 2580, 4: 2240, 5: 2079, 6: 1852, 7: 1698, 8: 1648, 9: 1489, 10: 1398, 11: 1352, 12: 1327, 13: 1191, 14: 1223, 15: 1128, 16: 1179, 17: 1145, 18: 1166, 19: 1096
Testing  data class counts: 0: 1029, 1: 536, 2: 506, 3: 305, 4: 277, 5: 238, 6: 197, 7: 196, 8: 148, 9: 182, 10: 146, 11: 176, 12: 135, 13: 155, 14: 154, 15: 121, 16: 127, 17: 134, 18: 120, 19: 118
--- Matrix ---
 0: 45 59 62 51 57 60 64 46 43 46 57 41 40 47 48 50 45 60 63 45   ∑ = 1029
 1: 28 31 23 21 25 35 23 27 25 22 19 33 31 30 35 25 24 23 25 31   ∑ =  536
 2: 21 32 28 28 31 25 29 23 27 22 37 21 15 31 23 27 18 26 21 21   ∑ =  506
 3: 15 14 12 17 17 18 18 20 16 15 16 13 16 18  8  5 17 17 14 19   ∑ =  305
 4:  9 12 12 20 16 13 16 11 17 13  6 12 16 14 15 16 11  8 21 19   ∑ =  277
 5: 11 13 20 13 11  8 14  9  5 16 12  8 10 11 15 13 11 13  9 16   ∑ =  238
 6: 11  9  4  7 13 15 11 10 10 12  9 10 11 13 11 12  6  8  8  7   ∑ =  197
 7:  6  6 12 15 12  8 10 12 12 10 11  8  9 10  8 11 11 10  8  7   ∑ =  196
 8:  6  6  9 11  4  6  8  8  9 10  6  7  7 10  4  8  6  6  9  8   ∑ =  148
 9:  8  9 10  8  8 12  6  6  8 14 12  5  7  9  8  8 12 11 11 10   ∑ =  182
10:  8  3 13  5  6 12  8  4  5 10  8  5  9  9  7  6  6  7  5 10   ∑ =  146
11:  6  7  7 17  6  9  9 16  7  9  8  6  9  9  4  9  6  4 16 12   ∑ =  176
12:  5 11 10  6  2  7 12  6  4  8 10  5  6  5  2 15  2  4  7  8   ∑ =  135
13:  7  8  7  9  2  9  8  5  9 12  7  5 10  6  9  6 10  7 10  9   ∑ =  155
14:  7  4  8 10  8  9 11  6 12  6  7  6  5 11  6  9  7 10  5  7   ∑ =  154
15:  1  9  7  4  2  1  7  6 12 10  5  9  8  8  3  3  9  8  6  3   ∑ =  121
16:  5  6  5  9 11  7  7  8  4  9  3  3 10  5  8  6  6  8  2  5   ∑ =  127
17:  4  9  5  9 10  6 11  3  7  4  5  7  6  9  9  8  2  5 10  5   ∑ =  134
18:  6  5  6  8  8  4  7  5  6  7  4  6  5  4  5  7  9  7  5  6   ∑ =  120
19:  6  9  6  7  3  9  8 10  6  7  7 11  1  5  3  3  6  2  4  5   ∑ =  118

------ English Results ------
Macro F-Score (official): 4.702
-----
Micro F-Score: 5.42
Precision: 5.42
Recall: 5.42

----- Details -----
Training data len: 45000 Testing data len: 5000
Training data class counts: 0: 9674, 1: 4754, 2: 4739, 3: 2587, 4: 2269, 5: 2105, 6: 1838, 7: 1709, 8: 1610, 9: 1509, 10: 1383, 11: 1375, 12: 1303, 13: 1215, 14: 1252, 15: 1117, 16: 1169, 17: 1146, 18: 1171, 19: 1075
Testing  data class counts: 0: 1086, 1: 525, 2: 502, 3: 298, 4: 248, 5: 212, 6: 211, 7: 185, 8: 186, 9: 162, 10: 161, 11: 153, 12: 159, 13: 131, 14: 125, 15: 132, 16: 137, 17: 133, 18: 115, 19: 139
--- Matrix ---
 0: 64 61 57 58 50 43 61 55 64 62 51 49 47 51 52 63 53 57 45 43   ∑ = 1086
 1: 25 29 25 41 32 18 32 19 27 23 23 31 27 25 22 25 26 29 19 27   ∑ =  525
 2: 19 33 32 28 25 26 24 19 27 26 19 25 30 23 26 20 27 27 26 20   ∑ =  502
 3: 21 13 14 15 19  9 16 17 20 17 17 18 14 13  7 14 13 20 10 11   ∑ =  298
 4: 17  9 16 11 12 13  9 14 13 12 12  8 12 12 14 19 13 11 14  7   ∑ =  248
 5: 14 13 11 12 17 11  8  9  6 12  6  5 12  5 18  7 14  5 12 15   ∑ =  212
 6:  8  7 12 10  8 13 10 14 13 10  2 11 20  9 12  9 12 12 10  9   ∑ =  211
 7: 13 13 11  6 10 13  7  9  6  7  6 13  8 11  8  7 10 10  7 10   ∑ =  185
 8: 12 10 12  5 10 15  9  6  9 12  6  7  8 11 10 10  8  8  9  9   ∑ =  186
 9:  8  5 10  6  6 12  8 12  7  4  9 12 10  8  4  9 11  5  6 10   ∑ =  162
10: 13  9  9  8  5  8  9  3 10  9  6  8 14  9  3  9  8  5  6 10   ∑ =  161
11: 10  7 10  6  8  9  7 10  5  5  5  9  8  6 10  9  9  5  6  9   ∑ =  153
12: 11 12  6  5  4 12 11  7  1  6  4 11  9  7  6  8 12  9 13  5   ∑ =  159
13:  5  6  8  6 12  2  6  5  6  8  8  9 10  3  6  4  8  8  2  9   ∑ =  131
14:  6  5  8 10  8  3 12  6  3  4  5  2  8  5  7  5  8  4 10  6   ∑ =  125
15:  5  5  9  8  4  5  4  8  5  7  6  6  9  6  5  9 10  7  6  8   ∑ =  132
16: 10  4  6  5  7  4  3  8  2 15  6  5  7  7  8  5 11  6  9  9   ∑ =  137
17:  5  6  6 10  2  4  8 10  4  9  3  4  7  9  6  7  4 12 10  7   ∑ =  133
18:  5  6  6  3  3  5  5  7  6  7  7  5  2  8  8  5 11  5  5  6   ∑ =  115
19:  6  7 12  5  6  5  8 12  5  7 10  6  8  8  5  7  5  7  5  5   ∑ =  139

------ English Results ------
Macro F-Score (official): 4.783
-----
Micro F-Score: 5.38
Precision: 5.38
Recall: 5.38

----- Details -----
Training data len: 45000 Testing data len: 5000
Training data class counts: 0: 9684, 1: 4734, 2: 4669, 3: 2598, 4: 2267, 5: 2111, 6: 1842, 7: 1728, 8: 1613, 9: 1519, 10: 1362, 11: 1381, 12: 1315, 13: 1209, 14: 1248, 15: 1135, 16: 1181, 17: 1150, 18: 1153, 19: 1101
Testing  data class counts: 0: 1076, 1: 545, 2: 572, 3: 287, 4: 250, 5: 206, 6: 207, 7: 166, 8: 183, 9: 152, 10: 182, 11: 147, 12: 147, 13: 137, 14: 129, 15: 114, 16: 125, 17: 129, 18: 133, 19: 113
--- Matrix ---
 0: 55 49 56 64 49 62 46 53 56 54 60 47 55 48 58 63 54 51 49 47   ∑ = 1076
 1: 25 26 25 17 26 28 26 26 25 25 37 21 27 27 37 26 32 31 29 29   ∑ =  545
 2: 31 20 36 29 30 36 30 26 29 29 28 36 23 29 28 24 31 28 29 20   ∑ =  572
 3: 12 15 10 18 17 14 14 17 16 16 20 14  9 14 14 13 15 14 12 13   ∑ =  287
 4: 13 10 11  8  9 23 13 11  8 10 12  9 13 10 15 13 13 19 14 16   ∑ =  250
 5: 15  7 16  7  8 11 10 11  9 13 18  6  8 11  6 11  9 14  8  8   ∑ =  206
 6:  7  5 13 17 10 11 10  9 17 17  5 13  7  4 12  8 15  9 14  4   ∑ =  207
 7:  5  8  8 11  6  8  6  6  8 10 10 11  5 13 11 16  4  8  6  6   ∑ =  166
 8:  5  9  9  9 12  8 12  7 10 12  5 11  7 12  8 12  6 11  8 10   ∑ =  183
 9:  3  8 12  6  7  7  9 10  7 10  9  9  9  9  5  7  8  8  2  7   ∑ =  152
10:  9 15  7 10  4 10  5 12  5 12 12  9  8 17  6  6  5 11 12  7   ∑ =  182
11:  9 13  3  1  5  8  5  8  6  8 10 12  6  5  9 11  9  7  7  5   ∑ =  147
12:  8  9  7  7  9 10  7  7  4  8  6  7  7  8  5  4 12  7  9  6   ∑ =  147
13:  5 12  2  7  9  5  6 13  5  7  6 11  7  6  9  5  3  6  6  7   ∑ =  137
14:  8 10  6  5 12  3  6 10  6  5  8  2  4  7  8  4  5 10  5  5   ∑ =  129
15:  7  0 11  9  5  2 10  6 10  6  3  3  7 13  6  6  2  4  2  2   ∑ =  114
16:  8  6  2  8  8  4  3  9  7  3  8  3  8  7  6  4 12  2  6 11   ∑ =  125
17:  4  4  6  4 10  4  8  5  8  5  8 10  3  6 13  5  5  3 11  7   ∑ =  129
18:  9 13  9  4 11  6  7  6 10  7  4  5  8  4  5  5  4  5  6  5   ∑ =  133
19:  6  3 10 11  7  5  4  4  4  2  3  5  3  5  6  6  9  5  9  6   ∑ =  113

------ English Results ------
Macro F-Score (official): 4.205
-----
Micro F-Score: 4.8
Precision: 4.8
Recall: 4.8

----- Details -----
Training data len: 45000 Testing data len: 5000
Training data class counts: 0: 9738, 1: 4760, 2: 4673, 3: 2608, 4: 2258, 5: 2084, 6: 1846, 7: 1705, 8: 1615, 9: 1503, 10: 1378, 11: 1363, 12: 1314, 13: 1207, 14: 1227, 15: 1119, 16: 1175, 17: 1149, 18: 1155, 19: 1123
Testing  data class counts: 0: 1022, 1: 519, 2: 568, 3: 277, 4: 259, 5: 233, 6: 203, 7: 189, 8: 181, 9: 168, 10: 166, 11: 165, 12: 148, 13: 139, 14: 150, 15: 130, 16: 131, 17: 130, 18: 131, 19: 91
--- Matrix ---
 0: 50 50 48 52 52 61 39 50 47 57 46 64 40 55 51 55 67 39 62 37   ∑ = 1022
 1: 35 32 31 27 33 23 31 20 21 25 34 26 23 18 25 27 30 16 21 21   ∑ =  519
 2: 26 24 28 23 26 37 40 34 28 18 28 25 35 27 19 27 27 32 31 33   ∑ =  568
 3: 13 13 18 11 15 18 15 20 14 13 10 13  9 11 21 13 14 14 12 10   ∑ =  277
 4: 18 18 16 12 13 16 10 17 14 13 14 15  7 16  7 12 11  9 12  9   ∑ =  259
 5: 12 12  7 11 13 12  9 14  8 14 15  9 15 13 12  8  9 16 14 10   ∑ =  233
 6: 13 11  8  8  4 11  9 14  9  9  9 14  8 15  9  7 14  9 13  9   ∑ =  203
 7: 16 11  8  9 12  9 12  5  6  4 14 11  9 15 12  6  4  9  8  9   ∑ =  189
 8: 14  6  9  7  7  9  8 16 11 11  8  7  9 10  6 12 11  6  7  7   ∑ =  181
 9:  8  7  6  8  5  8  5 14 12  9  9 12 12  6 10  9  8  8  7  5   ∑ =  168
10:  8  7  8 10  8  6 12  8  9 13  3  7  8 11  6  7 12  5 10  8   ∑ =  166
11:  3 11  9  9 15  9  7  9  6  6 10  9 11  5 15  8  4  9  7  3   ∑ =  165
12:  7  7 10  4 12  7  7 12  8  7  8 11  7  4  8  2  3  8 11  5   ∑ =  148
13:  8  8  6  1  7  4  5 11  7  5  9  6 10  4  8 11  8  5  4 12   ∑ =  139
14:  8 12  9  4  6 10 11  7 10  7  8  5  6  5  5 11  7  5  7  7   ∑ =  150
15:  7  7  8  5  2 12  5  6 10  7  7  1 10  6  4  4  4  7  6 12   ∑ =  130
16:  6  7  6  7 10  2  7  8  2  5  8  6  8 10  6  8  5  5  8  7   ∑ =  131
17: 11  4 13  5  4  5  2  9  4  6  8  7  7  7  6  3  6 12  6  5   ∑ =  130
18:  5  9  4  6  8  8 10  4  7 13  4 14  8  4  3  2  8  4  8  2   ∑ =  131
19:  6  5  4  6  5  2  1  5  0  7  5  5  4  6  6  4  7  2  8  3   ∑ =   91

------ English Results ------
Macro F-Score (official): 4.728
-----
Micro F-Score: 5.42
Precision: 5.42
Recall: 5.42

----- Details -----
Training data len: 45000 Testing data len: 5000
Training data class counts: 0: 9689, 1: 4754, 2: 4716, 3: 2635, 4: 2269, 5: 2075, 6: 1825, 7: 1675, 8: 1622, 9: 1494, 10: 1392, 11: 1369, 12: 1297, 13: 1229, 14: 1247, 15: 1136, 16: 1186, 17: 1151, 18: 1139, 19: 1100
Testing  data class counts: 0: 1071, 1: 525, 2: 525, 3: 250, 4: 248, 5: 242, 6: 224, 7: 219, 8: 174, 9: 177, 10: 152, 11: 159, 12: 165, 13: 117, 14: 130, 15: 113, 16: 120, 17: 128, 18: 147, 19: 114
--- Matrix ---
 0: 58 59 56 47 42 54 54 56 56 55 46 60 52 54 39 51 53 57 53 69   ∑ = 1071
 1: 27 25 27 22 26 41 25 23 29 24 33 25 33 23 29 27 19 21 30 16   ∑ =  525
 2: 22 33 38 27 26 26 25 22 26 31 38 24 27 19 24 22 18 31 22 24   ∑ =  525
 3: 12 12 15 21 22  6  9 14 10 14 11 11  9 10 12 13  9 11 13 16   ∑ =  250
 4: 19 13 13 14  9  7 18 12 10 13 19  7 10 12  9 11 18  9 15 10   ∑ =  248
 5:  8 16 10 14 10 14 11 15 13 12 14 11 11 15  6  7 22 10 14  9   ∑ =  242
 6:  6  5 14 13  7 12 10 10 14 10 14 13 13 14 10 14  8 14 12 11   ∑ =  224
 7: 10 10  8  5 14  8 14 11 15  9 12 10 13 13  8 16 11 10 12 10   ∑ =  219
 8:  6 10 10 12  7  5 12 15 10 12  7  6 12 10  6  6  3  7  4 14   ∑ =  174
 9:  9 10  8  7  5 13  6  6  6 10 11 10 12  8 10  7  6 14 10  9   ∑ =  177
10: 11  4  9 11 11  7  9 11  7  6 10 10  3  5 13  4  3  6  6  6   ∑ =  152
11:  6 11 10 12  6  8  9  9  8  6  7  5  7  5  6 11 10  5  9  9   ∑ =  159
12: 10 14  6  8 13  6  9  9  8 11  8 11  8  7  3  8  6  5  8  7   ∑ =  165
13:  7  9  6  8  4  6  4  8  2  5  7 10  5  5  5  7  5  5  3  6   ∑ =  117
14:  6  8  6  4  5  7  7  6  7  6  6  4  8  9  9  5  5 10  3  9   ∑ =  130
15:  2  6  2  3  8  1  7  4  9 10  6  6  3  2  6  8  6 10  9  5   ∑ =  113
16: 14  5  9  9  7  2 10  4  3  3  6  4  5  5  8  7  4  6  5  4   ∑ =  120
17:  9  8  7 10 10  8  6  4  9  5  4  7 10  1  8  8  6  2  2  4   ∑ =  128
18:  7  9  9  5  6 11  7  9  5  4  6  5  4  7 11  6 12  8  9  7   ∑ =  147
19:  5  4  9  6  9  5  8  7  4  6  3  2  3  6  8  6  2 11  5  5   ∑ =  114

Doing 10 cross folds------ Spanish Results ------
Macro F-Score (official): 4.402
-----
Micro F-Score: 4.733
Precision: 4.873
Recall: 4.6

----- Details -----
Training data len: 9000 Testing data len: 1000
Training data class counts: 0: 1832, 1: 1230, 2: 872, 3: 630, 4: 586, 5: 379, 6: 323, 7: 344, 8: 282, 9: 333, 10: 237, 11: 242, 12: 288, 13: 248, 14: 260, 15: 222, 16: 233, 17: 235, 18: 224, 19: 0
Testing  data class counts: 0: 196, 1: 133, 2: 98, 3: 75, 4: 59, 5: 36, 6: 44, 7: 42, 8: 38, 9: 36, 10: 30, 11: 29, 12: 25, 13: 33, 14: 22, 15: 22, 16: 29, 17: 25, 18: 28, 19: 0
--- Matrix ---
 0:  6 11  5  8  8 10  7  7 13 14 10  8 12  8  9 15 16  7  9 13   ∑ = 196
 1:  3  7  5  5  7  9 15  6  7 10  4  9  2  3  3 10  3 10  7  8   ∑ = 133
 2:  3  6  4  6  3  3  2  6  7  4  6  8  5  9  8  3  2  7  3  3   ∑ =  98
 3:  6  4  5  2  3  2  5  5  6  8  2  3  5  5  2  2  4  0  2  4   ∑ =  75
 4:  2  4  8  3  1  5  1  4  2  1  3  0  2  0  2  4  5  2  7  3   ∑ =  59
 5:  1  1  0  2  2  2  0  1  5  2  5  2  5  2  1  2  0  1  0  2   ∑ =  36
 6:  2  2  7  0  1  1  1  2  2  3  1  0  1  3  2  4  4  4  2  2   ∑ =  44
 7:  3  2  0  4  2  1  0  2  1  3  3  0  1  4  3  3  4  0  2  4   ∑ =  42
 8:  0  1  3  0  2  0  2  1  4  2  3  3  0  1  1  3  3  3  4  2   ∑ =  38
 9:  1  2  0  4  3  2  1  2  0  2  1  1  1  4  3  3  2  1  3  0   ∑ =  36
10:  0  3  1  1  1  2  4  1  3  2  2  3  1  2  0  2  0  0  1  1   ∑ =  30
11:  2  1  2  1  1  0  1  2  2  2  1  0  1  1  1  2  3  4  2  0   ∑ =  29
12:  0  2  0  0  3  3  0  1  2  1  1  2  1  1  1  2  3  0  1  1   ∑ =  25
13:  1  1  4  1  1  2  0  1  0  2  0  2  2  3  2  3  1  1  3  3   ∑ =  33
14:  1  2  2  1  1  4  1  1  2  1  1  2  0  1  0  0  0  1  1  0   ∑ =  22
15:  1  0  2  0  2  0  1  0  0  1  0  0  2  2  2  3  1  1  1  3   ∑ =  22
16:  2  0  0  2  1  1  0  3  0  3  1  4  1  2  1  0  5  1  2  0   ∑ =  29
17:  2  0  1  1  2  1  3  1  0  2  0  3  0  0  1  1  0  0  4  3   ∑ =  25
18:  2  1  4  1  2  2  2  2  1  0  0  1  0  2  0  1  1  1  1  4   ∑ =  28
19:  0  0  0  0  0  0  0  0  0  0  0  0  0  0  0  0  0  0  0  0   ∑ =   0

------ Spanish Results ------
Macro F-Score (official): 4.367
-----
Micro F-Score: 5.207
Precision: 5.318
Recall: 5.1

----- Details -----
Training data len: 9000 Testing data len: 1000
Training data class counts: 0: 1854, 1: 1243, 2: 880, 3: 634, 4: 575, 5: 360, 6: 339, 7: 343, 8: 275, 9: 334, 10: 236, 11: 235, 12: 281, 13: 253, 14: 252, 15: 219, 16: 236, 17: 229, 18: 222, 19: 0
Testing  data class counts: 0: 174, 1: 120, 2: 90, 3: 71, 4: 70, 5: 55, 6: 28, 7: 43, 8: 45, 9: 35, 10: 31, 11: 36, 12: 32, 13: 28, 14: 30, 15: 25, 16: 26, 17: 31, 18: 30, 19: 0
--- Matrix ---
 0: 12  8 11  3  8  4  7 12  9 10  8 11 10  9  7  9  6 14 11  5   ∑ = 174
 1:  4 10  6  6  7  8  4  7  8  8  2  4  8  2  4  2 11  3 13  3   ∑ = 120
 2:  6  6  1  1  5  8  6  2  2  8  6  2  5  2  6  4  3  6  5  6   ∑ =  90
 3:  3  1  6  3  6  2  3  5 10  2  1  3  7  3  4  1  2  3  3  3   ∑ =  71
 4:  3  2  3  2  4  2  3  3  2  5  5  4  2  3  4  2  4  6  8  3   ∑ =  70
 5:  2  0  5  6  5  4  2  1  1  2  0  3  2  6  2  3  0  3  4  4   ∑ =  55
 6:  4  0  0  2  1  3  1  1  2  2  0  1  2  1  2  1  1  1  1  2   ∑ =  28
 7:  1  2  1  4  1  1  1  4  1  1  4  2  5  1  1  6  4  2  1  0   ∑ =  43
 8:  1  0  1  1  5  3  2  2  1  3  2  3  1  6  5  1  2  2  1  3   ∑ =  45
 9:  3  2  4  2  1  1  1  2  1  2  1  2  2  1  0  2  1  0  3  4   ∑ =  35
10:  3  1  2  0  1  1  4  0  1  2  0  3  0  0  4  1  4  3  1  0   ∑ =  31
11:  0  0  0  4  2  4  4  0  5  2  1  1  1  6  0  0  1  2  2  1   ∑ =  36
12:  0  2  0  1  1  0  4  2  2  1  1  0  0  3  2  2  3  2  4  2   ∑ =  32
13:  2  3  3  1  1  0  1  1  1  2  0  0  0  3  2  1  2  3  2  0   ∑ =  28
14:  0  1  2  0  1  2  3  3  5  0  1  0  3  1  0  2  2  2  2  0   ∑ =  30
15:  1  0  2  2  2  2  2  2  2  1  0  0  1  1  0  1  2  1  2  1   ∑ =  25
16:  3  1  5  2  0  1  3  1  1  0  0  0  3  1  2  1  1  0  1  0   ∑ =  26
17:  2  1  2  3  0  1  1  2  2  3  3  1  0  2  0  2  1  0  3  2   ∑ =  31
18:  1  1  1  1  0  0  2  1  4  3  1  1  4  1  1  2  1  0  3  2   ∑ =  30
19:  0  0  0  0  0  0  0  0  0  0  0  0  0  0  0  0  0  0  0  0   ∑ =   0

------ Spanish Results ------
Macro F-Score (official): 4.356
-----
Micro F-Score: 5.314
Precision: 5.434
Recall: 5.2

----- Details -----
Training data len: 9000 Testing data len: 1000
Training data class counts: 0: 1819, 1: 1250, 2: 866, 3: 631, 4: 576, 5: 358, 6: 338, 7: 339, 8: 299, 9: 338, 10: 237, 11: 248, 12: 281, 13: 255, 14: 258, 15: 222, 16: 234, 17: 226, 18: 225, 19: 0
Testing  data class counts: 0: 209, 1: 113, 2: 104, 3: 74, 4: 69, 5: 57, 6: 29, 7: 47, 8: 21, 9: 31, 10: 30, 11: 23, 12: 32, 13: 26, 14: 24, 15: 22, 16: 28, 17: 34, 18: 27, 19: 0
--- Matrix ---
 0: 12 10  4 18 11 13  7 10  8 17  7 11  7  7 11  8 13 10 15 10   ∑ = 209
 1:  6  6  4  3  3  9  5  5  7  6  6  5  7  3  7  3  9  5  7  7   ∑ = 113
 2:  6  6  6  7  1  8  4  6  4  5  6  1  3  5 10  8  4  5  7  2   ∑ = 104
 3:  6  2  5  7  1  5  2  5  3  4  4  2  7  3  3  4  3  3  3  2   ∑ =  74
 4:  4  2  7  2  2  1  2  8  4  3  1  3  7  6  1  1  7  2  3  3   ∑ =  69
 5:  2  4  3  3  0  3  3  3  4  6  1  2  2  3  2  1  5  2  5  3   ∑ =  57
 6:  1  2  2  6  3  2  0  2  1  1  1  2  0  1  0  0  2  1  1  1   ∑ =  29
 7:  3  4  8  1  0  2  2  3  1  4  3  0  4  1  0  3  4  1  3  0   ∑ =  47
 8:  1  3  2  0  1  4  1  0  1  0  2  1  0  1  0  1  1  0  1  1   ∑ =  21
 9:  1  2  1  0  1  1  0  3  1  0  3  1  3  2  0  1  1  5  4  1   ∑ =  31
10:  2  3  1  0  1  0  2  5  1  0  1  0  1  1  1  2  1  3  2  3   ∑ =  30
11:  1  0  0  1  3  1  0  1  2  3  1  1  0  3  0  2  2  2  0  0   ∑ =  23
12:  1  4  0  5  1  1  2  0  3  1  2  0  1  0  2  0  2  3  1  3   ∑ =  32
13:  1  1  1  0  1  0  0  1  2  0  0  1  0  2  3  2  4  3  2  2   ∑ =  26
14:  1  3  3  0  0  3  0  1  0  2  0  0  1  1  2  0  1  3  2  1   ∑ =  24
15:  0  1  2  2  1  1  2  2  0  1  2  1  0  3  1  0  0  2  1  0   ∑ =  22
16:  0  1  1  1  0  3  0  1  2  1  4  2  0  1  0  3  2  1  3  2   ∑ =  28
17:  1  7  1  2  1  3  1  1  3  0  1  5  3  0  0  2  1  1  1  0   ∑ =  34
18:  0  2  0  2  1  5  0  2  0  0  3  1  1  2  2  2  0  0  2  2   ∑ =  27
19:  0  0  0  0  0  0  0  0  0  0  0  0  0  0  0  0  0  0  0  0   ∑ =   0

------ Spanish Results ------
Macro F-Score (official): 4.434
-----
Micro F-Score: 4.848
Precision: 5.005
Recall: 4.7

----- Details -----
Training data len: 9000 Testing data len: 1000
Training data class counts: 0: 1835, 1: 1217, 2: 878, 3: 629, 4: 573, 5: 387, 6: 338, 7: 330, 8: 289, 9: 336, 10: 242, 11: 240, 12: 282, 13: 255, 14: 255, 15: 219, 16: 235, 17: 229, 18: 231, 19: 0
Testing  data class counts: 0: 193, 1: 146, 2: 92, 3: 76, 4: 72, 5: 28, 6: 29, 7: 56, 8: 31, 9: 33, 10: 25, 11: 31, 12: 31, 13: 26, 14: 27, 15: 25, 16: 27, 17: 31, 18: 21, 19: 0
--- Matrix ---
 0: 10  5 13 11  9 18  4  7  4 12  9 12 12 10  9  8 16 11  8  5   ∑ = 193
 1: 10  6 10 15  5  5  8  5  5  4  8  8  5  6  3  2 12  5 11 13   ∑ = 146
 2:  6  6  1  6  5  4  8  5  3  2  2  2  5  4  5  5  2  8  4  9   ∑ =  92
 3:  4  5  6  4  1  2  6  3  5  2  3  4  4  4  2  5  2  6  2  6   ∑ =  76
 4:  2  4  1  6  1  2  3  4  1  8  3  4  2  3  4  5  3  6  6  4   ∑ =  72
 5:  1  3  1  1  1  2  0  3  3  2  1  2  1  1  2  0  1  0  2  1   ∑ =  28
 6:  1  2  2  3  0  0  2  1  3  2  1  1  1  2  0  0  2  3  2  1   ∑ =  29
 7:  0  4  2  1  6  1  4  4  2  4  2  3  2  0  5  4  2  1  2  7   ∑ =  56
 8:  1  1  1  4  0  2  3  2  2  2  0  1  1  4  4  1  0  2  0  0   ∑ =  31
 9:  0  2  0  1  1  6  1  0  2  1  1  1  2  5  3  0  2  2  3  0   ∑ =  33
10:  0  1  0  1  5  1  0  2  1  0  1  1  3  0  1  0  1  2  3  2   ∑ =  25
11:  3  1  1  1  0  2  4  0  3  2  0  4  2  0  1  0  1  4  1  1   ∑ =  31
12:  1  3  1  1  2  2  3  0  0  2  1  1  1  1  2  2  0  0  2  6   ∑ =  31
13:  2  3  3  2  0  0  1  0  0  1  1  0  2  1  4  1  1  2  0  2   ∑ =  26
14:  0  0  3  0  2  5  1  0  2  0  0  2  0  3  2  1  3  0  2  1   ∑ =  27
15:  1  0  1  0  1  1  2  1  1  2  2  2  1  1  1  1  2  3  1  1   ∑ =  25
16:  3  2  1  0  0  1  3  1  1  2  0  3  0  2  2  2  2  2  0  0   ∑ =  27
17:  1  0  0  3  1  2  2  2  1  0  5  2  1  2  2  0  2  2  1  2   ∑ =  31
18:  1  1  3  2  0  2  3  2  0  1  2  1  0  0  0  0  2  1  0  0   ∑ =  21
19:  0  0  0  0  0  0  0  0  0  0  0  0  0  0  0  0  0  0  0  0   ∑ =   0

------ Spanish Results ------
Macro F-Score (official): 4.669
-----
Micro F-Score: 4.898
Precision: 5.0
Recall: 4.8

----- Details -----
Training data len: 9000 Testing data len: 1000
Training data class counts: 0: 1827, 1: 1219, 2: 859, 3: 644, 4: 597, 5: 380, 6: 327, 7: 351, 8: 286, 9: 335, 10: 239, 11: 239, 12: 278, 13: 251, 14: 247, 15: 221, 16: 235, 17: 241, 18: 224, 19: 0
Testing  data class counts: 0: 201, 1: 144, 2: 111, 3: 61, 4: 48, 5: 35, 6: 40, 7: 35, 8: 34, 9: 34, 10: 28, 11: 32, 12: 35, 13: 30, 14: 35, 15: 23, 16: 27, 17: 19, 18: 28, 19: 0
--- Matrix ---
 0:  5  8 16 14 12 11 12 11 11 11  8 10  9  5 10 10  9 11 13  5   ∑ = 201
 1:  5  5  6  7  8  6 10  6  5  8  7  6 10 10  7  7  8  8 10  5   ∑ = 144
 2:  4  8  8  2  5 11  7  4  4  5  8  5  5  5  2 10  4  3  4  7   ∑ = 111
 3:  2  4  3  2  6  3  0  4  7  3  5  1  2  0  1  3  5  2  4  4   ∑ =  61
 4:  2  1  4  3  5  2  2  2  4  1  2  1  2  3  4  1  2  2  3  2   ∑ =  48
 5:  1  3  1  3  4  1  1  4  2  4  0  0  3  3  1  1  2  1  0  0   ∑ =  35
 6:  3  4  2  1  2  1  3  5  1  1  0  1  3  0  5  1  2  4  1  0   ∑ =  40
 7:  0  2  3  6  0  2  3  1  3  1  1  1  0  2  1  0  2  2  3  2   ∑ =  35
 8:  0  4  1  0  2  0  2  1  2  4  3  0  1  2  4  2  1  3  2  0   ∑ =  34
 9:  3  1  2  1  1  1  6  0  0  2  3  2  1  2  2  1  0  3  1  2   ∑ =  34
10:  2  0  3  2  2  2  1  0  4  1  0  1  2  0  1  2  0  3  0  2   ∑ =  28
11:  3  4  1  0  0  0  0  4  2  2  2  3  1  0  0  1  2  0  4  3   ∑ =  32
12:  1  4  1  2  3  3  0  2  1  0  4  3  2  1  0  1  0  3  2  2   ∑ =  35
13:  2  2  1  3  1  2  3  0  0  2  1  1  3  1  1  0  0  4  2  1   ∑ =  30
14:  1  2  1  0  7  1  2  1  3  1  3  0  1  1  3  1  3  1  2  1   ∑ =  35
15:  2  3  0  2  0  3  0  0  1  1  1  1  0  3  0  1  0  2  2  1   ∑ =  23
16:  1  1  1  4  1  0  0  3  1  4  0  0  1  0  2  1  3  0  3  1   ∑ =  27
17:  0  2  0  1  0  2  0  1  0  0  1  2  4  2  0  1  1  1  1  0   ∑ =  19
18:  1  0  1  2  2  1  3  1  1  2  1  3  2  1  0  1  2  2  0  2   ∑ =  28
19:  0  0  0  0  0  0  0  0  0  0  0  0  0  0  0  0  0  0  0  0   ∑ =   0

------ Spanish Results ------
Macro F-Score (official): 3.367
-----
Micro F-Score: 4.09
Precision: 4.184
Recall: 4.0

----- Details -----
Training data len: 9000 Testing data len: 1000
Training data class counts: 0: 1804, 1: 1221, 2: 891, 3: 645, 4: 582, 5: 372, 6: 330, 7: 358, 8: 286, 9: 327, 10: 244, 11: 246, 12: 273, 13: 249, 14: 251, 15: 218, 16: 243, 17: 234, 18: 226, 19: 0
Testing  data class counts: 0: 224, 1: 142, 2: 79, 3: 60, 4: 63, 5: 43, 6: 37, 7: 28, 8: 34, 9: 42, 10: 23, 11: 25, 12: 40, 13: 32, 14: 31, 15: 26, 16: 19, 17: 26, 18: 26, 19: 0
--- Matrix ---
 0: 11  8  8 12 17 12 14 10 11 13  8 10  7 11 14  9 16  9 13 11   ∑ = 224
 1:  5  6  6 12  9  5  8  9  9  7  5 10  5  6  7  6 11  3  8  5   ∑ = 142
 2:  5  4  1  8  3  4  6  7  2  3  3  4  2  3  8  3  1  7  2  3   ∑ =  79
 3:  2  1  4  1  1  2  1  6 10  6  0  3  2  2  4  2  4  3  2  4   ∑ =  60
 4:  3  1  5  5  5  3  4  3  1  3  4  3  3  1  1  5  4  2  5  2   ∑ =  63
 5:  1  2  1  1  5  0  3  2  2  2  2  0  0  3  7  2  3  2  4  1   ∑ =  43
 6:  3  2  0  0  5  1  2  1  2  2  2  2  0  4  1  1  5  0  3  1   ∑ =  37
 7:  2  0  2  1  2  2  2  1  2  0  0  0  3  3  1  2  4  1  0  0   ∑ =  28
 8:  1  2  1  3  1  1  2  1  1  1  4  2  1  2  1  0  4  1  3  2   ∑ =  34
 9:  2  1  0  0  3  1  2  3  2  5  5  1  1  2  1  5  1  2  3  2   ∑ =  42
10:  1  1  0  0  0  0  3  2  3  2  1  0  1  2  1  2  0  1  1  2   ∑ =  23
11:  1  0  3  1  4  0  1  0  2  1  1  0  1  0  2  2  1  2  1  2   ∑ =  25
12:  3  4  1  2  0  1  4  1  0  3  2  2  2  5  2  2  2  1  2  1   ∑ =  40
13:  4  1  2  1  3  0  0  1  0  1  2  2  2  1  3  1  3  2  2  1   ∑ =  32
14:  2  1  0  2  3  0  3  1  3  1  1  0  0  2  0  4  2  1  3  2   ∑ =  31
15:  1  2  2  1  1  0  1  2  1  1  0  1  0  4  1  1  3  1  1  2   ∑ =  26
16:  0  0  0  0  2  1  0  2  1  1  2  1  1  1  1  2  0  3  0  1   ∑ =  19
17:  1  0  1  0  3  1  3  3  0  0  1  3  1  3  1  1  1  2  0  1   ∑ =  26
18:  0  1  0  1  2  1  1  4  1  1  4  1  1  3  1  2  0  1  0  1   ∑ =  26
19:  0  0  0  0  0  0  0  0  0  0  0  0  0  0  0  0  0  0  0  0   ∑ =   0

------ Spanish Results ------
Macro F-Score (official): 4.702
-----
Micro F-Score: 5.215
Precision: 5.335
Recall: 5.1

----- Details -----
Training data len: 9000 Testing data len: 1000
Training data class counts: 0: 1811, 1: 1236, 2: 866, 3: 637, 4: 579, 5: 374, 6: 329, 7: 355, 8: 283, 9: 330, 10: 242, 11: 250, 12: 278, 13: 254, 14: 258, 15: 218, 16: 238, 17: 230, 18: 232, 19: 0
Testing  data class counts: 0: 217, 1: 127, 2: 104, 3: 68, 4: 66, 5: 41, 6: 38, 7: 31, 8: 37, 9: 39, 10: 25, 11: 21, 12: 35, 13: 27, 14: 24, 15: 26, 16: 24, 17: 30, 18: 20, 19: 0
--- Matrix ---
 0: 11  3  8  7 17  6 10  7 15 14 20  7 14 11 12 15 13 12  8  7   ∑ = 217
 1:  2  5  8  6 15  6  6  3  6  8  8  6  3  7  5  5  4  6 10  8   ∑ = 127
 2:  4  7  5  4  3  6  3  6  6  5  8  9  1  4  6  5  5  5  5  7   ∑ = 104
 3:  3  2  3  2  2  2  5  2  5  3  7  2  4  5  6  5  3  3  2  2   ∑ =  68
 4:  6  3  3  0  4  3  2  5  3  2  4  5  2  4  2  5  3  5  2  3   ∑ =  66
 5:  1  3  3  2  1  3  1  1  4  1  0  4  2  5  1  1  4  1  0  3   ∑ =  41
 6:  3  0  3  2  2  2  3  4  1  1  3  1  3  1  0  3  2  0  2  2   ∑ =  38
 7:  0  1  2  2  2  0  3  2  0  3  0  2  3  0  0  0  3  3  3  2   ∑ =  31
 8:  3  3  2  3  3  1  0  0  5  6  2  0  1  0  0  1  3  3  1  0   ∑ =  37
 9:  2  1  3  1  3  0  3  3  1  0  3  2  2  2  3  1  3  1  4  1   ∑ =  39
10:  0  1  0  3  1  0  1  3  0  2  1  1  4  1  1  1  3  1  0  1   ∑ =  25
11:  2  3  1  2  1  3  0  1  0  0  0  1  0  0  0  0  2  3  1  1   ∑ =  21
12:  5  2  0  3  1  2  2  2  1  1  1  1  1  3  3  0  1  4  1  1   ∑ =  35
13:  1  1  2  1  1  2  0  0  2  4  1  2  0  1  2  1  2  1  1  2   ∑ =  27
14:  1  0  5  1  0  2  1  1  2  0  3  2  0  1  1  1  2  1  0  0   ∑ =  24
15:  2  3  2  1  2  2  1  3  0  2  1  1  0  1  1  0  0  1  2  1   ∑ =  26
16:  1  3  1  3  0  0  1  2  2  2  2  2  1  0  0  0  2  1  0  1   ∑ =  24
17:  3  0  0  1  0  3  2  2  3  2  1  3  1  0  2  0  1  2  2  2   ∑ =  30
18:  0  0  1  1  3  4  0  1  0  2  1  1  1  2  0  1  0  0  2  0   ∑ =  20
19:  0  0  0  0  0  0  0  0  0  0  0  0  0  0  0  0  0  0  0  0   ∑ =   0

------ Spanish Results ------
Macro F-Score (official): 3.289
-----
Micro F-Score: 3.882
Precision: 3.967
Recall: 3.8

----- Details -----
Training data len: 9000 Testing data len: 1000
Training data class counts: 0: 1819, 1: 1211, 2: 897, 3: 626, 4: 570, 5: 369, 6: 327, 7: 354, 8: 293, 9: 334, 10: 244, 11: 247, 12: 288, 13: 261, 14: 254, 15: 218, 16: 228, 17: 236, 18: 224, 19: 0
Testing  data class counts: 0: 209, 1: 152, 2: 73, 3: 79, 4: 75, 5: 46, 6: 40, 7: 32, 8: 27, 9: 35, 10: 23, 11: 24, 12: 25, 13: 20, 14: 28, 15: 26, 16: 34, 17: 24, 18: 28, 19: 0
--- Matrix ---
 0:  8  8 15 10 10  7 15 12 13 11  8 12  3  7 10  9 18 12 11 10   ∑ = 209
 1:  7 11  6 11  5  8  7  9 10  6 11  9  6  5  3 11  4  9  8  6   ∑ = 152
 2:  5  5  2  0  4  3  2  5  6  4  2  1  3  7  2  5  4  5  3  5   ∑ =  73
 3:  7  3  2  1  5  4  4  4  4  7  3  3  4  5  3  4  4  3  5  4   ∑ =  79
 4:  4  5  4  4  3  3  7  7  4  4  4  2  5  3  2  5  2  3  0  4   ∑ =  75
 5:  5  2  1  3  4  1  5  4  1  1  2  0  2  1  1  3  5  2  2  1   ∑ =  46
 6:  2  4  2  3  3  2  1  4  2  1  4  2  1  0  1  3  0  2  3  0   ∑ =  40
 7:  1  1  1  2  2  5  1  1  1  2  2  3  0  1  3  0  0  1  4  1   ∑ =  32
 8:  0  2  0  0  1  2  1  3  0  1  1  2  1  0  2  2  2  3  3  1   ∑ =  27
 9:  1  6  0  1  1  2  1  3  0  0  1  1  2  0  1  4  1  4  3  3   ∑ =  35
10:  1  1  0  1  2  4  3  1  1  1  0  0  2  0  0  0  3  2  1  0   ∑ =  23
11:  1  2  1  2  0  0  0  4  1  0  1  0  2  1  1  2  1  0  2  3   ∑ =  24
12:  1  0  1  3  1  2  3  1  3  1  0  2  1  0  1  2  0  2  1  0   ∑ =  25
13:  0  0  1  1  0  1  1  0  1  0  0  2  3  6  1  1  0  1  0  1   ∑ =  20
14:  0  1  1  3  3  3  1  0  1  1  0  2  1  3  1  1  1  0  4  1   ∑ =  28
15:  0  2  0  2  5  3  2  1  2  0  0  0  2  1  0  0  3  3  0  0   ∑ =  26
16:  0  0  7  1  1  1  3  1  2  3  4  2  3  0  1  3  0  1  1  0   ∑ =  34
17:  0  3  0  1  0  2  1  2  2  1  1  0  0  1  1  1  4  1  2  1   ∑ =  24
18:  1  1  1  1  2  1  2  0  1  4  0  1  1  3  1  0  4  2  1  1   ∑ =  28
19:  0  0  0  0  0  0  0  0  0  0  0  0  0  0  0  0  0  0  0  0   ∑ =   0

------ Spanish Results ------
Macro F-Score (official): 4.433
-----
Micro F-Score: 5.428
Precision: 5.561
Recall: 5.3

----- Details -----
Training data len: 9000 Testing data len: 1000
Training data class counts: 0: 1816, 1: 1220, 2: 857, 3: 640, 4: 592, 5: 376, 6: 327, 7: 351, 8: 292, 9: 327, 10: 240, 11: 240, 12: 279, 13: 257, 14: 253, 15: 218, 16: 241, 17: 244, 18: 230, 19: 0
Testing  data class counts: 0: 212, 1: 143, 2: 113, 3: 65, 4: 53, 5: 39, 6: 40, 7: 35, 8: 28, 9: 42, 10: 27, 11: 31, 12: 34, 13: 24, 14: 29, 15: 26, 16: 21, 17: 16, 18: 22, 19: 0
--- Matrix ---
 0: 10 12 15 11 11  6  5 14  8 15  3  8  9 19 10 12  9 11 12 12   ∑ = 212
 1:  9 12  4  5  4 10  6  6  6  5 10  5 15  3  6  7  3 13  9  5   ∑ = 143
 2:  6  5  6  7  5  8  5  9  9  6  4  7  3  3  9  7  2  3  5  4   ∑ = 113
 3:  4  0  4  5  4  5  3  6  6  1  2  3  1  2  0  3  0  8  6  2   ∑ =  65
 4:  3  3  2  2  2  4  5  1  3  3  1  4  3  4  1  3  3  2  3  1   ∑ =  53
 5:  2  1  0  3  0  0  3  1  3  1  2  3  3  1  2  5  3  2  2  2   ∑ =  39
 6:  1  2  2  1  2  3  1  1  1  3  2  4  2  5  2  2  2  2  1  1   ∑ =  40
 7:  2  2  2  2  0  1  4  2  3  6  2  1  1  1  0  0  4  1  0  1   ∑ =  35
 8:  0  1  1  0  2  2  2  3  2  0  1  1  2  0  4  0  0  3  0  4   ∑ =  28
 9:  2  2  2  3  3  1  0  4  4  0  2  3  2  2  0  1  4  2  2  3   ∑ =  42
10:  2  1  2  2  1  0  0  1  1  2  1  1  2  1  0  1  1  2  3  3   ∑ =  27
11:  3  3  1  1  1  0  1  4  2  1  2  2  1  3  0  1  3  1  1  0   ∑ =  31
12:  3  0  1  2  1  2  0  4  3  2  1  4  2  2  0  1  1  1  3  1   ∑ =  34
13:  1  1  1  2  0  0  4  0  4  0  1  0  1  2  4  1  0  1  1  0   ∑ =  24
14:  3  1  1  1  3  1  1  1  1  2  1  1  1  1  4  3  0  0  1  2   ∑ =  29
15:  0  0  1  2  0  3  0  2  1  1  3  1  0  0  4  1  2  2  0  3   ∑ =  26
16:  0  1  0  1  1  0  1  1  2  0  1  1  1  1  5  2  0  1  0  2   ∑ =  21
17:  2  1  0  0  1  2  2  0  1  2  1  0  0  1  1  0  0  1  1  0   ∑ =  16
18:  1  2  0  0  1  0  3  0  2  2  0  2  1  1  2  1  0  3  0  1   ∑ =  22
19:  0  0  0  0  0  0  0  0  0  0  0  0  0  0  0  0  0  0  0  0   ∑ =   0

------ Spanish Results ------
Macro F-Score (official): 4.553
-----
Micro F-Score: 5.133
Precision: 5.274
Recall: 5.0

----- Details -----
Training data len: 9000 Testing data len: 1000
Training data class counts: 0: 1835, 1: 1220, 2: 864, 3: 629, 4: 575, 5: 380, 6: 325, 7: 349, 8: 295, 9: 327, 10: 242, 11: 252, 12: 289, 13: 246, 14: 250, 15: 221, 16: 235, 17: 236, 18: 230, 19: 0
Testing  data class counts: 0: 193, 1: 143, 2: 106, 3: 76, 4: 70, 5: 35, 6: 42, 7: 37, 8: 25, 9: 42, 10: 25, 11: 19, 12: 24, 13: 35, 14: 32, 15: 23, 16: 27, 17: 24, 18: 22, 19: 0
--- Matrix ---
 0:  9  8 10 15 10 12  5  7  8 11  7 10  6  6 13 20  6  8 12 10   ∑ = 193
 1:  3  9  5  9  9  5 11  8  2  6  8  4 10  5  9 11  6  3  8 12   ∑ = 143
 2:  5  1  2 10  3  8  5  5  2  1  5  5  5  7  6  7  9  6  7  7   ∑ = 106
 3:  9  5  1  3  3  5  4  4  1  4  2  3  4  3  2  3  3  7  6  4   ∑ =  76
 4:  2  2  6  3  2  4  4  3  5  1  2  4  4  2  2  5  1  8  6  4   ∑ =  70
 5:  0  2  2  0  6  3  5  2  2  2  1  2  1  1  0  1  0  1  4  0   ∑ =  35
 6:  2  4  3  2  2  0  3  1  3  2  1  0  0  0  3  4  2  3  4  3   ∑ =  42
 7:  1  1  1  3  0  0  1  3  2  3  5  2  3  3  2  2  2  1  2  0   ∑ =  37
 8:  1  1  2  0  1  2  2  1  0  2  0  1  0  1  2  2  4  0  2  1   ∑ =  25
 9:  1  3  3  0  1  1  1  4  0  3  0  1  3  1  4  4  6  2  1  3   ∑ =  42
10:  0  0  0  3  1  1  1  1  1  2  2  2  1  3  0  2  1  1  2  1   ∑ =  25
11:  1  0  0  1  0  2  0  0  3  0  1  0  4  2  0  2  1  1  0  1   ∑ =  19
12:  3  1  1  0  0  1  0  2  0  2  2  2  2  0  0  0  1  3  2  2   ∑ =  24
13:  4  1  1  0  3  2  1  4  1  2  2  2  3  1  1  0  1  2  4  0   ∑ =  35
14:  3  2  2  4  2  1  1  1  2  3  0  3  3  2  0  0  0  0  3  0   ∑ =  32
15:  1  0  1  3  1  1  2  3  0  2  1  1  1  2  1  1  0  1  0  1   ∑ =  23
16:  1  0  1  1  1  4  2  2  1  3  1  0  2  3  0  1  0  2  0  2   ∑ =  27
17:  2  0  3  0  3  1  0  1  0  1  0  2  3  2  0  1  2  2  0  1   ∑ =  24
18:  1  3  2  0  1  1  0  0  3  1  0  1  0  2  0  1  0  1  5  0   ∑ =  22
19:  0  0  0  0  0  0  0  0  0  0  0  0  0  0  0  0  0  0  0  0   ∑ =   0


============= BernoulliNaiveBayesModel =============
Doing 10 cross folds------ English Results ------
Macro F-Score (official): 20.193
-----
Micro F-Score: 30.42
Precision: 30.42
Recall: 30.42

----- Details -----
Training data len: 45000 Testing data len: 5000
Training data class counts: 0: 9704, 1: 4758, 2: 4737, 3: 2577, 4: 2274, 5: 2079, 6: 1845, 7: 1695, 8: 1619, 9: 1500, 10: 1385, 11: 1385, 12: 1333, 13: 1193, 14: 1248, 15: 1101, 16: 1169, 17: 1158, 18: 1157, 19: 1083
Testing  data class counts: 0: 1056, 1: 521, 2: 504, 3: 308, 4: 243, 5: 238, 6: 204, 7: 199, 8: 177, 9: 171, 10: 159, 11: 143, 12: 129, 13: 153, 14: 129, 15: 148, 16: 137, 17: 121, 18: 129, 19: 131
--- Matrix ---
 0: 757  61 103  11  11   5   4  12   7  11   9   9  24   1   5   4   2  16   4   0   ∑ = 1056
 1: 297  78  75   3   9   3   4   7   2   3   5   5  11   0   6   2   2   5   4   0   ∑ =  521
 2: 175  25 251   2  10   1   2   5   3   2   5   6   5   0   3   2   1   2   4   0   ∑ =  504
 3: 214  23  21  18   2   1   3   7   2   3   3   3   6   0   1   0   0   1   0   0   ∑ =  308
 4:  80  19  33   0  84   0   2   1   0   0   5   8   1   0   0   0   3   0   7   0   ∑ =  243
 5: 141  15  45   1   4   7   4   3   2   0   1   7   2   0   1   2   0   3   0   0   ∑ =  238
 6: 105  11  36   1   5   3   6   4   4   0   3   7  13   0   1   2   1   2   0   0   ∑ =  204
 7:  83  22  31   3  12   2   1  24   0   0   3   3   8   0   0   0   2   4   1   0   ∑ =  199
 8: 124  11  10   4   4   0   1   4  12   0   0   0   4   1   0   1   0   0   0   1   ∑ =  177
 9: 106  12  26   2   2   3   0   0   0   8   1   0   5   1   2   0   1   1   0   1   ∑ =  171
10:  34   8  22   0   7   0   1   1   0   0  67   1   1   0   1   0   1   2  13   0   ∑ =  159
11:  50   6  10   2   4   2   1   1   0   0   2  57   6   0   1   0   0   1   0   0   ∑ =  143
12:  59  10   5   1   1   2   3   1   1   0   2   1  42   0   1   0   0   0   0   0   ∑ =  129
13: 107   6  13   2   3   3   1   4   2   5   0   2   2   2   1   0   0   0   0   0   ∑ =  153
14:  64  11  34   2   1   1   3   0   0   1   0   2   3   0   2   2   1   1   1   0   ∑ =  129
15:  68   5  39   2   9   0   4   1   3   0   3   2   2   0   0  10   0   0   0   0   ∑ =  148
16:  69  10  32   0   3   4   2   1   2   0   1   2   6   0   1   2   1   1   0   0   ∑ =  137
17:  22   3   3   0   2   2   0   0   0   0   0   0   1   0   0   0   0  88   0   0   ∑ =  121
18:  38   4  20   1   3   0   1   2   0   0  49   0   3   0   0   1   0   0   7   0   ∑ =  129
19:  62   7  36   1   4   2   3   1   0   0   1   4   5   0   3   0   1   1   0   0   ∑ =  131

------ English Results ------
Macro F-Score (official): 20.499
-----
Micro F-Score: 32.34
Precision: 32.34
Recall: 32.34

----- Details -----
Training data len: 45000 Testing data len: 5000
Training data class counts: 0: 9626, 1: 4777, 2: 4712, 3: 2616, 4: 2269, 5: 2087, 6: 1851, 7: 1701, 8: 1597, 9: 1525, 10: 1387, 11: 1381, 12: 1327, 13: 1226, 14: 1228, 15: 1109, 16: 1197, 17: 1150, 18: 1149, 19: 1085
Testing  data class counts: 0: 1134, 1: 502, 2: 529, 3: 269, 4: 248, 5: 230, 6: 198, 7: 193, 8: 199, 9: 146, 10: 157, 11: 147, 12: 135, 13: 120, 14: 149, 15: 140, 16: 109, 17: 129, 18: 137, 19: 129
--- Matrix ---
 0: 851  61  82  14  15   7   7   9   3  14  12  11  28   2   1   1   4  10   1   1   ∑ = 1134
 1: 311  54  66  12   9   1   2  10   2   1   7   4  12   1   3   0   1   6   0   0   ∑ =  502
 2: 176  22 275   0  16   4   0   4   2   1   6   5   3   0   2   4   1   5   3   0   ∑ =  529
 3: 196  12  22  10   2   0   1   4   3   2   3   4   7   0   1   0   0   2   0   0   ∑ =  269
 4:  94  12  39   1  78   1   2   0   0   2   6   1   4   0   1   2   0   1   3   1   ∑ =  248
 5: 138  11  32   3   3   4   5   2   0   4   1   3  16   0   2   0   1   2   3   0   ∑ =  230
 6:  96  17  38   3   8   1   8   3   0   0   2   3  16   0   2   0   1   0   0   0   ∑ =  198
 7:  79  13  30   3   8   3   2  25   1   0  10   0   5   0   0   4   0   8   2   0   ∑ =  193
 8: 133   8  18   9   0   1   0   1  11   2   1   3   9   0   1   0   0   0   2   0   ∑ =  199
 9: 102   9  18   1   1   0   0   1   1   5   2   2   0   0   2   0   0   2   0   0   ∑ =  146
10:  47   4  16   0   6   1   1   1   0   0  62   1   6   0   0   0   0   1  11   0   ∑ =  157
11:  45   5  11   0   1   0   1   2   2   1   3  70   2   0   1   1   0   0   2   0   ∑ =  147
12:  54  10   2   1   0   4   5   0   0   1   1   5  52   0   0   0   0   0   0   0   ∑ =  135
13:  86   3   6   2   3   0   1   1   3   0   2   3   3   4   0   0   0   1   1   1   ∑ =  120
14:  73  13  37   1   1   5   0   3   0   3   2   1   5   0   3   1   0   1   0   0   ∑ =  149
15:  70   2  37   1   5   1   1   0   1   1   2   1   1   0   0  14   1   1   1   0   ∑ =  140
16:  58  13  25   0   2   2   1   1   0   1   1   0   2   0   0   0   2   1   0   0   ∑ =  109
17:  26   0   9   0   4   1   2   0   0   0   2   3   0   0   0   0   1  81   0   0   ∑ =  129
18:  40   2  12   0  10   1   0   4   0   0  53   3   2   0   0   0   0   2   8   0   ∑ =  137
19:  55   9  47   1   2   3   1   1   0   0   3   0   2   0   2   2   0   1   0   0   ∑ =  129

------ English Results ------
Macro F-Score (official): 19.966
-----
Micro F-Score: 31.8
Precision: 31.8
Recall: 31.8

----- Details -----
Training data len: 45000 Testing data len: 5000
Training data class counts: 0: 9645, 1: 4771, 2: 4726, 3: 2582, 4: 2295, 5: 2075, 6: 1857, 7: 1705, 8: 1616, 9: 1493, 10: 1399, 11: 1378, 12: 1312, 13: 1209, 14: 1247, 15: 1130, 16: 1178, 17: 1146, 18: 1148, 19: 1088
Testing  data class counts: 0: 1115, 1: 508, 2: 515, 3: 303, 4: 222, 5: 242, 6: 192, 7: 189, 8: 180, 9: 178, 10: 145, 11: 150, 12: 150, 13: 137, 14: 130, 15: 119, 16: 128, 17: 133, 18: 138, 19: 126
--- Matrix ---
 0: 826  75  93   4  12   8   6   8  10   6   7   9  27   2   3   1   3  14   1   0   ∑ = 1115
 1: 282  83  61   3  11   5   8  11   3   3   6   5  15   0   0   1   0   7   4   0   ∑ =  508
 2: 159  17 273   0  17   1   3   4   0   0   6   6   6   0   3   7   4   6   2   1   ∑ =  515
 3: 211  17  26   9   7   3   2   1   2   1   4   4   9   1   2   1   1   2   0   0   ∑ =  303
 4:  68  17  34   0  76   1   1   1   3   2   6   1   6   0   0   3   0   1   2   0   ∑ =  222
 5: 144  16  39   2   5   7   0   7   1   1   6   4   2   0   1   2   1   2   2   0   ∑ =  242
 6:  92  17  24   1  10   6  10   2   1   2   3   1  15   0   2   2   0   1   3   0   ∑ =  192
 7:  99   9  23   0   8   2   1  21   0   2   6   9   3   0   0   0   1   4   1   0   ∑ =  189
 8: 121  11  18   1   3   1   1   3  10   1   1   1   5   3   0   0   0   0   0   0   ∑ =  180
 9: 120   7  19   3   4   2   1   1   1   5   4   1   5   0   0   1   0   2   2   0   ∑ =  178
10:  33  11  24   0   5   1   1   1   0   0  53   5   1   0   0   1   0   0   9   0   ∑ =  145
11:  58   4   5   0   4   1   2   1   0   0   2  65   4   0   1   1   0   0   1   1   ∑ =  150
12:  49  12   7   1   4   8   5   3   1   2   0   2  56   0   0   0   0   0   0   0   ∑ =  150
13: 100   4   9   2   1   1   1   2   0   1   3   3   4   3   0   0   0   2   1   0   ∑ =  137
14:  66   8  28   1   7   1   1   1   3   1   3   1   3   0   3   0   1   1   1   0   ∑ =  130
15:  63   4  26   0   8   2   1   0   1   0   2   0   0   0   1  10   0   1   0   0   ∑ =  119
16:  66   7  30   0   5   3   3   3   2   0   3   2   3   0   0   0   1   0   0   0   ∑ =  128
17:  44   8   7   1   3   2   0   3   0   0   0   0   0   0   1   0   0  64   0   0   ∑ =  133
18:  35   9  21   0   8   2   2   0   0   1  45   0   1   0   0   0   0   1  13   0   ∑ =  138
19:  50  12  37   1   7   0   3   1   3   1   0   1   3   0   0   0   3   2   0   2   ∑ =  126

------ English Results ------
Macro F-Score (official): 19.716
-----
Micro F-Score: 30.52
Precision: 30.52
Recall: 30.52

----- Details -----
Training data len: 45000 Testing data len: 5000
Training data class counts: 0: 9671, 1: 4728, 2: 4762, 3: 2578, 4: 2269, 5: 2077, 6: 1844, 7: 1703, 8: 1617, 9: 1511, 10: 1395, 11: 1381, 12: 1316, 13: 1214, 14: 1232, 15: 1129, 16: 1168, 17: 1144, 18: 1175, 19: 1086
Testing  data class counts: 0: 1089, 1: 551, 2: 479, 3: 307, 4: 248, 5: 240, 6: 205, 7: 191, 8: 179, 9: 160, 10: 149, 11: 147, 12: 146, 13: 132, 14: 145, 15: 120, 16: 138, 17: 135, 18: 111, 19: 128
--- Matrix ---
 0: 782  61  99  19  18  11  12  13   6   8   6  13  20   0   1   2   2  15   1   0   ∑ = 1089
 1: 318  77  72   7  15   3   4   3   4   3   6  12  16   1   1   1   0   5   3   0   ∑ =  551
 2: 164  26 243   0  12   2   5   5   0   0   3   4   7   0   0   2   1   0   5   0   ∑ =  479
 3: 207  24  27  11   4   3   5   5   3   2   2   2   8   0   1   1   0   1   1   0   ∑ =  307
 4:  82  13  45   3  84   0   0   0   0   1   5   4   3   0   1   1   1   2   3   0   ∑ =  248
 5: 131  22  39   3   4   5   5   4   1   1   3   6   9   0   1   0   2   3   1   0   ∑ =  240
 6: 108  12  38   1  11   3  13   1   0   0   2   3   7   0   1   1   0   2   2   0   ∑ =  205
 7:  97  15  26   3   4   2   1  15   0   0   7   4   8   0   2   2   1   3   1   0   ∑ =  191
 8: 118   7  14   4   4   0   0   3  10   2   4   4   5   1   1   1   0   1   0   0   ∑ =  179
 9: 109   8  20   0   3   3   1   1   1   7   1   2   3   0   0   1   0   0   0   0   ∑ =  160
10:  26  10  28   0   2   1   1   1   1   0  60   2   5   0   0   0   0   0  12   0   ∑ =  149
11:  41   7   9   0   1   5   1   3   2   2   6  68   0   0   1   0   1   0   0   0   ∑ =  147
12:  56  10  11   0   1   6   4   2   0   0   2   1  51   0   1   0   0   0   1   0   ∑ =  146
13:  77   9  11   5   6   1   1   0   2   3   2   2   5   6   0   1   0   1   0   0   ∑ =  132
14:  67  14  46   1   2   1   1   3   0   3   0   3   0   0   1   0   0   1   2   0   ∑ =  145
15:  47   4  38   1  10   3   3   1   0   0   5   2   0   0   0   4   0   2   0   0   ∑ =  120
16:  69  20  22   1   4   3   7   1   0   1   3   2   1   1   1   0   1   1   0   0   ∑ =  138
17:  32   2  11   1   4   1   0   2   0   0   2   0   2   0   1   0   0  77   0   0   ∑ =  135
18:  29   8  11   0   5   0   0   3   1   0  38   2   3   0   0   1   0   0  10   0   ∑ =  111
19:  57   2  45   2   5   1   4   0   1   1   1   1   4   0   0   0   2   1   0   1   ∑ =  128

------ English Results ------
Macro F-Score (official): 20.277
-----
Micro F-Score: 31.46
Precision: 31.46
Recall: 31.46

----- Details -----
Training data len: 45000 Testing data len: 5000
Training data class counts: 0: 9678, 1: 4732, 2: 4700, 3: 2604, 4: 2243, 5: 2081, 6: 1841, 7: 1727, 8: 1607, 9: 1496, 10: 1417, 11: 1387, 12: 1314, 13: 1221, 14: 1241, 15: 1137, 16: 1152, 17: 1172, 18: 1161, 19: 1089
Testing  data class counts: 0: 1082, 1: 547, 2: 541, 3: 281, 4: 274, 5: 236, 6: 208, 7: 167, 8: 189, 9: 175, 10: 127, 11: 141, 12: 148, 13: 125, 14: 136, 15: 112, 16: 154, 17: 107, 18: 125, 19: 125
--- Matrix ---
 0: 793  54 101  22  13   5   6  10   5   9   8  21  18   1   2   1   1  12   0   0   ∑ = 1082
 1: 316  78  80   4   7   8   2   4   2   3   7  11  12   0   1   0   3   8   1   0   ∑ =  547
 2: 187  22 270   2  13   5   6   3   3   1   8   6   4   0   1   2   2   3   3   0   ∑ =  541
 3: 202  19  24   6   5   1   3   2   2   1   3   2   5   0   1   1   0   3   1   0   ∑ =  281
 4:  84  18  34   1 105   1  10   1   0   0   7   1   4   0   1   2   0   3   2   0   ∑ =  274
 5: 146  19  39   4   7   2   2   1   1   0   3   4   3   0   0   0   2   2   1   0   ∑ =  236
 6:  97  13  47   0  10   3  11   0   0   0   3   2  15   0   1   1   3   1   1   0   ∑ =  208
 7:  95   9  14   0   9   2   4  17   2   1   2   1   6   0   0   1   0   3   1   0   ∑ =  167
 8: 136   7  13   4   2   1   0   5   8   0   0   3   7   0   1   0   0   2   0   0   ∑ =  189
 9: 128   8  11   3   4   0   2   0   1   9   2   3   2   0   0   0   0   0   2   0   ∑ =  175
10:  36   8  19   1   2   0   1   2   0   0  48   1   3   0   1   1   0   0   4   0   ∑ =  127
11:  45   5   4   0   0   3   2   2   0   1   3  73   2   0   0   0   1   0   0   0   ∑ =  141
12:  48   5   9   1   0   7   3   0   1   0   0   0  74   0   0   0   0   0   0   0   ∑ =  148
13:  91   4   9   2   4   0   1   0   2   1   2   1   3   3   0   0   1   1   0   0   ∑ =  125
14:  58   6  42   2   1   2   2   2   1   2   3   3   1   0   3   2   2   2   2   0   ∑ =  136
15:  50   3  29   1  10   0   1   1   1   2   1   0   3   0   1   9   0   0   0   0   ∑ =  112
16:  77  11  38   3   4   3   3   2   0   3   1   1   3   0   1   0   0   3   1   0   ∑ =  154
17:  29   2   5   0   1   0   0   0   2   1   4   3   1   0   0   0   0  59   0   0   ∑ =  107
18:  34   8  21   0   9   1   1   1   0   0  40   1   1   0   0   2   1   0   5   0   ∑ =  125
19:  58   6  40   5   4   0   1   0   0   0   1   3   3   0   0   2   2   0   0   0   ∑ =  125

------ English Results ------
Macro F-Score (official): 20.429
-----
Micro F-Score: 30.3
Precision: 30.3
Recall: 30.3

----- Details -----
Training data len: 45000 Testing data len: 5000
Training data class counts: 0: 9731, 1: 4743, 2: 4735, 3: 2580, 4: 2240, 5: 2079, 6: 1852, 7: 1698, 8: 1648, 9: 1489, 10: 1398, 11: 1352, 12: 1327, 13: 1191, 14: 1223, 15: 1128, 16: 1179, 17: 1145, 18: 1166, 19: 1096
Testing  data class counts: 0: 1029, 1: 536, 2: 506, 3: 305, 4: 277, 5: 238, 6: 197, 7: 196, 8: 148, 9: 182, 10: 146, 11: 176, 12: 135, 13: 155, 14: 154, 15: 121, 16: 127, 17: 134, 18: 120, 19: 118
--- Matrix ---
 0: 729  62 110  11  12   1   8  12   3  10  15  17  17   2   2   1   1  12   2   2   ∑ = 1029
 1: 322  70  79   3   6   5   2   6   2   2   3  10  17   0   2   1   2   2   0   2   ∑ =  536
 2: 163  25 261   3   9   3   4   3   2   0   5   9   8   1   2   3   1   0   2   2   ∑ =  506
 3: 208  23  25  15   7   0   1   2   1   7   4   3   5   1   0   0   0   2   0   1   ∑ =  305
 4: 100  12  45   3  94   1   3   0   0   0   4   3   8   0   1   2   0   1   0   0   ∑ =  277
 5: 152  20  34   1   8   3   1   2   1   0   2   3   3   0   0   0   2   5   1   0   ∑ =  238
 6:  98  15  36   1  10   0   7   2   3   0   1   6  14   0   1   3   0   0   0   0   ∑ =  197
 7: 104  10  21   0   7   4   4  19   0   0   8   3   8   2   0   2   0   1   3   0   ∑ =  196
 8:  95   9  12   0   1   2   1   2  11   2   1   4   6   0   0   0   0   1   1   0   ∑ =  148
 9: 124  15  21   2   3   2   0   3   1   5   0   0   4   0   1   0   0   0   1   0   ∑ =  182
10:  43   6  18   1   6   1   1   4   0   0  51   0  10   0   0   1   0   0   4   0   ∑ =  146
11:  58   6  12   2   6   2   1   2   0   0   3  78   4   0   1   0   0   0   1   0   ∑ =  176
12:  49   7   8   0   5   0   5   0   0   0   3   0  58   0   0   0   0   0   0   0   ∑ =  135
13: 113   5  14   1   3   2   0   5   0   2   0   1   4   3   0   0   0   1   0   1   ∑ =  155
14:  65  14  56   1   2   3   3   0   0   0   3   1   0   0   3   0   2   1   0   0   ∑ =  154
15:  59   2  19   1  16   0   4   0   0   1   3   0   4   1   0   9   0   1   1   0   ∑ =  121
16:  63  11  34   0   3   1   1   2   1   0   0   3   4   0   0   2   1   1   0   0   ∑ =  127
17:  31   3   4   1   1   0   1   3   1   1   0   1   1   0   0   0   1  85   0   0   ∑ =  134
18:  35   6  14   0   9   2   2   1   0   0  32   3   0   0   0   1   2   0  13   0   ∑ =  120
19:  62   9  26   2   2   1   3   1   0   2   3   1   4   0   0   0   1   1   0   0   ∑ =  118

------ English Results ------
Macro F-Score (official): 20.72
-----
Micro F-Score: 31.6
Precision: 31.6
Recall: 31.6

----- Details -----
Training data len: 45000 Testing data len: 5000
Training data class counts: 0: 9674, 1: 4754, 2: 4739, 3: 2587, 4: 2269, 5: 2105, 6: 1838, 7: 1709, 8: 1610, 9: 1509, 10: 1383, 11: 1375, 12: 1303, 13: 1215, 14: 1252, 15: 1117, 16: 1169, 17: 1146, 18: 1171, 19: 1075
Testing  data class counts: 0: 1086, 1: 525, 2: 502, 3: 298, 4: 248, 5: 212, 6: 211, 7: 185, 8: 186, 9: 162, 10: 161, 11: 153, 12: 159, 13: 131, 14: 125, 15: 132, 16: 137, 17: 133, 18: 115, 19: 139
--- Matrix ---
 0: 777  69 104  16  15   7   6  10   8   8   9  13  17   1   4   1   1  13   6   1   ∑ = 1086
 1: 291  78  88   2  15   1   4   4   3   3   8   5  10   3   1   1   1   5   2   0   ∑ =  525
 2: 154  23 272   0  13   4   4   1   2   1   4   3   8   0   2   3   4   3   0   1   ∑ =  502
 3: 205  22  26   9   4   3   2   2   1   8   2   2   6   1   2   1   0   1   0   1   ∑ =  298
 4:  88  13  33   3  86   1   6   0   0   1   5   2   4   0   1   3   1   1   0   0   ∑ =  248
 5: 110  18  40   4   1   6   1   5   3   2   1   6   7   1   2   1   1   0   2   1   ∑ =  212
 6: 107  15  35   4   5   1  19   2   1   2   2   1  10   1   0   2   0   3   1   0   ∑ =  211
 7:  91   7  28   1  10   4   4  19   0   1   4   4   4   0   0   0   0   4   4   0   ∑ =  185
 8: 115  19  14   7   1   1   1   3  14   1   3   3   4   0   0   0   0   0   0   0   ∑ =  186
 9: 109   8  24   2   0   2   0   2   1   5   1   2   3   0   1   0   0   1   1   0   ∑ =  162
10:  41   6  18   0   7   1   0   3   0   0  67   2   1   0   0   0   0   2  13   0   ∑ =  161
11:  50   8  10   0   0   5   1   1   1   0   0  70   2   0   1   1   0   3   0   0   ∑ =  153
12:  52  10  20   1   1   3   3   2   0   0   3   0  60   0   0   0   2   2   0   0   ∑ =  159
13:  89   8  12   5   0   0   0   2   2   1   4   0   2   3   1   1   0   0   0   1   ∑ =  131
14:  49  11  46   0   3   1   2   0   1   1   0   2   2   0   1   2   1   1   0   2   ∑ =  125
15:  58   9  38   0   8   1   3   3   0   1   0   0   2   0   1   8   0   0   0   0   ∑ =  132
16:  70  20  29   1   2   1   1   0   0   0   0   2   5   0   0   0   0   3   1   2   ∑ =  137
17:  35   2   6   1   3   0   0   4   0   0   0   1   1   1   0   0   0  79   0   0   ∑ =  133
18:  41   2   9   0   8   1   0   2   0   1  40   1   1   0   1   1   0   0   7   0   ∑ =  115
19:  66  16  36   2   4   2   2   2   1   1   3   1   0   0   0   0   2   1   0   0   ∑ =  139

------ English Results ------
Macro F-Score (official): 18.864
-----
Micro F-Score: 31.46
Precision: 31.46
Recall: 31.46

----- Details -----
Training data len: 45000 Testing data len: 5000
Training data class counts: 0: 9684, 1: 4734, 2: 4669, 3: 2598, 4: 2267, 5: 2111, 6: 1842, 7: 1728, 8: 1613, 9: 1519, 10: 1362, 11: 1381, 12: 1315, 13: 1209, 14: 1248, 15: 1135, 16: 1181, 17: 1150, 18: 1153, 19: 1101
Testing  data class counts: 0: 1076, 1: 545, 2: 572, 3: 287, 4: 250, 5: 206, 6: 207, 7: 166, 8: 183, 9: 152, 10: 182, 11: 147, 12: 147, 13: 137, 14: 129, 15: 114, 16: 125, 17: 129, 18: 133, 19: 113
--- Matrix ---
 0: 789  66  99  10  12   8   7  15   4   5  11   9  24   1   1   1   3   9   2   0   ∑ = 1076
 1: 310  85  69   3  12   3   5   8   2   2  11  10  13   0   3   0   3   5   1   0   ∑ =  545
 2: 195  23 289   0  16   5   3   2   0   2   4  11   5   0   1   3   3   4   4   2   ∑ =  572
 3: 210  14  24   8   1   1   1   3   3   7   1   2   6   2   3   0   0   1   0   0   ∑ =  287
 4:  91  18  37   0  77   0   6   3   0   0   4   2   8   0   0   1   0   2   1   0   ∑ =  250
 5: 132  17  30   1   1   0   3   2   0   2   2   3   8   0   1   0   1   3   0   0   ∑ =  206
 6: 101  18  41   3   9   1  13   2   1   0   3   3  12   0   0   0   0   0   0   0   ∑ =  207
 7:  86   6  14   2   8   1   3  16   0   2   6   5   3   0   2   0   3   7   2   0   ∑ =  166
 8: 119  16  15   5   2   1   3   3   6   1   1   3   5   0   1   0   0   1   1   0   ∑ =  183
 9: 107   8  18   3   4   0   3   1   0   1   1   1   2   0   1   1   0   1   0   0   ∑ =  152
10:  44   8  22   1   6   1   1   3   0   0  73   3   4   0   2   0   1   0  13   0   ∑ =  182
11:  44   7  11   1   4   4   4   3   1   0   3  60   4   0   0   1   0   0   0   0   ∑ =  147
12:  54   2  10   0   5   0   3   3   1   0   2   1  63   0   0   1   1   0   1   0   ∑ =  147
13:  95   7  12   2   5   1   1   1   1   0   2   0   5   2   0   0   0   3   0   0   ∑ =  137
14:  49  13  48   0   5   2   3   1   0   0   1   0   1   0   0   0   2   2   2   0   ∑ =  129
15:  50   6  31   1   6   1   1   1   1   1   2   1   3   0   1   6   0   1   1   0   ∑ =  114
16:  55   7  28   0   7   5   1   2   0   0   4   6   4   0   1   0   1   2   2   0   ∑ =  125
17:  30   4   5   0   3   0   0   5   0   0   0   1   1   0   0   0   0  79   1   0   ∑ =  129
18:  32   6  23   0   7   1   2   0   0   0  50   3   2   0   0   0   0   2   5   0   ∑ =  133
19:  63   3  32   2   3   0   2   1   0   0   1   1   2   1   0   0   0   0   2   0   ∑ =  113

------ English Results ------
Macro F-Score (official): 20.606
-----
Micro F-Score: 31.38
Precision: 31.38
Recall: 31.38

----- Details -----
Training data len: 45000 Testing data len: 5000
Training data class counts: 0: 9738, 1: 4760, 2: 4673, 3: 2608, 4: 2258, 5: 2084, 6: 1846, 7: 1705, 8: 1615, 9: 1503, 10: 1378, 11: 1363, 12: 1314, 13: 1207, 14: 1227, 15: 1119, 16: 1175, 17: 1149, 18: 1155, 19: 1123
Testing  data class counts: 0: 1022, 1: 519, 2: 568, 3: 277, 4: 259, 5: 233, 6: 203, 7: 189, 8: 181, 9: 168, 10: 166, 11: 165, 12: 148, 13: 139, 14: 150, 15: 130, 16: 131, 17: 130, 18: 131, 19: 91
--- Matrix ---
 0: 730  55  87  16  17   7  11  12   6   4   5  18  28   1   2   0   1  16   5   1   ∑ = 1022
 1: 294  81  66   1  15   3   5   4   6   3   7   9  13   0   1   0   3   4   4   0   ∑ =  519
 2: 200  27 280   1  11   3   7   1   2   0   6   6   4   2   3   3   5   3   4   0   ∑ =  568
 3: 192  16  20  13   8   0   2   1   0   2   4   6   7   1   1   0   0   2   1   1   ∑ =  277
 4: 107   5  30   0 100   2   1   0   0   0   2   3   4   0   1   2   0   1   1   0   ∑ =  259
 5: 134  19  32   2   9   7   2   4   1   1   3   1   9   0   2   0   2   3   1   1   ∑ =  233
 6: 108   8  27   2  12   1  14   4   2   1   3   0  11   0   1   3   2   1   1   2   ∑ =  203
 7:  97   8  27   1   9   2   0  27   3   2   1   5   3   0   1   0   0   2   1   0   ∑ =  189
 8: 120   9  14   4   2   2   1   7   9   1   1   0   7   0   0   0   1   1   2   0   ∑ =  181
 9: 110   7  20   4   2   1   1   2   0   4   1   3   6   0   1   2   0   1   2   1   ∑ =  168
10:  41   7  21   0   3   3   2   2   0   0  64   3   2   0   2   1   0   2  13   0   ∑ =  166
11:  55   5  11   1   9   0   0   0   1   1   3  73   3   0   0   1   0   0   1   1   ∑ =  165
12:  52   3   8   1   6   3   1   1   0   0   2   3  68   0   0   0   0   0   0   0   ∑ =  148
13: 100   4  15   2   1   2   1   0   1   0   1   4   2   3   0   1   0   2   0   0   ∑ =  139
14:  72  12  44   1   7   4   1   0   1   0   3   0   2   0   1   1   0   0   1   0   ∑ =  150
15:  56   6  40   0  11   0   1   1   2   1   0   2   0   0   1   7   0   1   1   0   ∑ =  130
16:  65  10  33   0   1   0   0   2   3   0   2   1   6   0   1   0   2   2   3   0   ∑ =  131
17:  28   3   8   0   2   1   0   2   0   0   2   1   1   0   0   0   0  81   0   1   ∑ =  130
18:  35   5  23   0   7   1   1   1   0   0  47   2   2   0   0   0   0   2   5   0   ∑ =  131
19:  39   7  26   0   5   1   0   1   1   1   2   1   3   0   1   1   0   1   1   0   ∑ =   91

------ English Results ------
Macro F-Score (official): 19.332
-----
Micro F-Score: 30.46
Precision: 30.46
Recall: 30.46

----- Details -----
Training data len: 45000 Testing data len: 5000
Training data class counts: 0: 9689, 1: 4754, 2: 4716, 3: 2635, 4: 2269, 5: 2075, 6: 1825, 7: 1675, 8: 1622, 9: 1494, 10: 1392, 11: 1369, 12: 1297, 13: 1229, 14: 1247, 15: 1136, 16: 1186, 17: 1151, 18: 1139, 19: 1100
Testing  data class counts: 0: 1071, 1: 525, 2: 525, 3: 250, 4: 248, 5: 242, 6: 224, 7: 219, 8: 174, 9: 177, 10: 152, 11: 159, 12: 165, 13: 117, 14: 130, 15: 113, 16: 120, 17: 128, 18: 147, 19: 114
--- Matrix ---
 0: 762  63  81  13  16  10   7   9   9  18   8  18  26   3   2   1   3  19   3   0   ∑ = 1071
 1: 303  77  66   7  11   2   6   5   6   3   9   4  13   0   4   3   2   3   1   0   ∑ =  525
 2: 194  29 248   1  10   2   4   3   1   1   6   9   6   1   0   4   2   1   2   1   ∑ =  525
 3: 181  10  23  10   4   2   1   2   3   5   0   1   5   0   0   0   0   3   0   0   ∑ =  250
 4:  93  18  37   1  75   3   2   0   2   1   6   4   3   0   1   0   0   1   1   0   ∑ =  248
 5: 138  22  45   1   4   2   5   3   2   2   3   6   7   0   0   0   0   1   1   0   ∑ =  242
 6: 103  14  36   1   9   1  16   8   2   0   4   8  18   0   1   1   1   1   0   0   ∑ =  224
 7: 116  16  22   1   9   2   1  25   1   0   6   0  10   0   2   0   1   7   0   0   ∑ =  219
 8: 128  12   9   0   1   0   1   1   7   1   3   4   4   0   0   0   0   1   1   1   ∑ =  174
 9: 122  15  14   1   3   1   2   0   2   4   1   1   3   0   1   2   0   3   1   1   ∑ =  177
10:  32  11  13   0   6   0   1   1   0   1  66   1   6   0   1   0   0   2  11   0   ∑ =  152
11:  56   5   9   0   2   2   1   1   1   1   5  71   3   0   0   1   0   0   0   1   ∑ =  159
12:  66  10  13   2   1   2   1   0   1   0   0   2  67   0   0   0   0   0   0   0   ∑ =  165
13:  81   6  11   2   2   0   3   0   1   3   0   2   2   2   0   0   0   2   0   0   ∑ =  117
14:  58  10  38   0   4   2   0   2   1   2   4   0   6   0   2   0   0   0   1   0   ∑ =  130
15:  46   5  35   1   5   2   3   0   1   0   1   1   4   0   2   5   0   2   0   0   ∑ =  113
16:  56  18  26   2   5   1   1   0   1   1   0   3   3   0   0   0   0   1   2   0   ∑ =  120
17:  35   2   7   0   2   1   0   1   0   0   1   0   0   1   1   0   0  77   0   0   ∑ =  128
18:  42   7  23   1   6   3   3   0   1   1  49   1   2   0   0   1   0   0   7   0   ∑ =  147
19:  60   3  28   0   4   0   6   1   0   0   2   1   5   1   1   0   0   1   1   0   ∑ =  114

Doing 10 cross folds------ Spanish Results ------
Macro F-Score (official): 5.79
-----
Micro F-Score: 21.6
Precision: 21.6
Recall: 21.6

----- Details -----
Training data len: 9000 Testing data len: 1000
Training data class counts: 0: 1832, 1: 1230, 2: 872, 3: 630, 4: 586, 5: 379, 6: 323, 7: 344, 8: 282, 9: 333, 10: 237, 11: 242, 12: 288, 13: 248, 14: 260, 15: 222, 16: 233, 17: 235, 18: 224, 19: 0
Testing  data class counts: 0: 196, 1: 133, 2: 98, 3: 75, 4: 59, 5: 36, 6: 44, 7: 42, 8: 38, 9: 36, 10: 30, 11: 29, 12: 25, 13: 33, 14: 22, 15: 22, 16: 29, 17: 25, 18: 28, 19: 0
--- Matrix ---
 0: 158  18  15   1   1   0   0   0   0   3   0   0   0   0   0   0   0   0   0   0   ∑ = 196
 1:  92  19  20   0   1   0   0   0   0   1   0   0   0   0   0   0   0   0   0   0   ∑ = 133
 2:  53  14  30   0   1   0   0   0   0   0   0   0   0   0   0   0   0   0   0   0   ∑ =  98
 3:  59   7   7   0   0   1   0   0   0   1   0   0   0   0   0   0   0   0   0   0   ∑ =  75
 4:  41  11   7   0   0   0   0   0   0   0   0   0   0   0   0   0   0   0   0   0   ∑ =  59
 5:  27   5   3   0   0   0   0   0   0   1   0   0   0   0   0   0   0   0   0   0   ∑ =  36
 6:  32   2  10   0   0   0   0   0   0   0   0   0   0   0   0   0   0   0   0   0   ∑ =  44
 7:  28   4   8   0   1   0   1   0   0   0   0   0   0   0   0   0   0   0   0   0   ∑ =  42
 8:  28   5   3   0   1   0   0   0   0   1   0   0   0   0   0   0   0   0   0   0   ∑ =  38
 9:  19   6   1   0   1   0   0   0   0   9   0   0   0   0   0   0   0   0   0   0   ∑ =  36
10:  22   3   3   1   1   0   0   0   0   0   0   0   0   0   0   0   0   0   0   0   ∑ =  30
11:  24   1   4   0   0   0   0   0   0   0   0   0   0   0   0   0   0   0   0   0   ∑ =  29
12:  21   2   1   1   0   0   0   0   0   0   0   0   0   0   0   0   0   0   0   0   ∑ =  25
13:  29   2   2   0   0   0   0   0   0   0   0   0   0   0   0   0   0   0   0   0   ∑ =  33
14:  19   2   1   0   0   0   0   0   0   0   0   0   0   0   0   0   0   0   0   0   ∑ =  22
15:  17   2   3   0   0   0   0   0   0   0   0   0   0   0   0   0   0   0   0   0   ∑ =  22
16:  19   6   3   0   0   0   0   0   0   1   0   0   0   0   0   0   0   0   0   0   ∑ =  29
17:  20   1   3   1   0   0   0   0   0   0   0   0   0   0   0   0   0   0   0   0   ∑ =  25
18:  19   4   5   0   0   0   0   0   0   0   0   0   0   0   0   0   0   0   0   0   ∑ =  28
19:   0   0   0   0   0   0   0   0   0   0   0   0   0   0   0   0   0   0   0   0   ∑ =   0

------ Spanish Results ------
Macro F-Score (official): 6.662
-----
Micro F-Score: 19.8
Precision: 19.8
Recall: 19.8

----- Details -----
Training data len: 9000 Testing data len: 1000
Training data class counts: 0: 1854, 1: 1243, 2: 880, 3: 634, 4: 575, 5: 360, 6: 339, 7: 343, 8: 275, 9: 334, 10: 236, 11: 235, 12: 281, 13: 253, 14: 252, 15: 219, 16: 236, 17: 229, 18: 222, 19: 0
Testing  data class counts: 0: 174, 1: 120, 2: 90, 3: 71, 4: 70, 5: 55, 6: 28, 7: 43, 8: 45, 9: 35, 10: 31, 11: 36, 12: 32, 13: 28, 14: 30, 15: 25, 16: 26, 17: 31, 18: 30, 19: 0
--- Matrix ---
 0: 147  10  13   2   1   0   0   0   0   1   0   0   0   0   0   0   0   0   0   0   ∑ = 174
 1:  92  11  15   1   0   0   0   0   0   1   0   0   0   0   0   0   0   0   0   0   ∑ = 120
 2:  50  13  25   1   0   0   1   0   0   0   0   0   0   0   0   0   0   0   0   0   ∑ =  90
 3:  61   4   5   0   0   0   0   0   0   1   0   0   0   0   0   0   0   0   0   0   ∑ =  71
 4:  54   8   5   1   2   0   0   0   0   0   0   0   0   0   0   0   0   0   0   0   ∑ =  70
 5:  42   3   6   0   2   2   0   0   0   0   0   0   0   0   0   0   0   0   0   0   ∑ =  55
 6:  19   2   6   0   0   0   1   0   0   0   0   0   0   0   0   0   0   0   0   0   ∑ =  28
 7:  31   2   8   1   0   0   0   0   0   1   0   0   0   0   0   0   0   0   0   0   ∑ =  43
 8:  40   4   0   1   0   0   0   0   0   0   0   0   0   0   0   0   0   0   0   0   ∑ =  45
 9:  21   2   1   0   1   0   0   0   0  10   0   0   0   0   0   0   0   0   0   0   ∑ =  35
10:  23   4   4   0   0   0   0   0   0   0   0   0   0   0   0   0   0   0   0   0   ∑ =  31
11:  26   5   5   0   0   0   0   0   0   0   0   0   0   0   0   0   0   0   0   0   ∑ =  36
12:  29   1   1   1   0   0   0   0   0   0   0   0   0   0   0   0   0   0   0   0   ∑ =  32
13:  19   5   2   1   1   0   0   0   0   0   0   0   0   0   0   0   0   0   0   0   ∑ =  28
14:  25   2   3   0   0   0   0   0   0   0   0   0   0   0   0   0   0   0   0   0   ∑ =  30
15:  21   2   2   0   0   0   0   0   0   0   0   0   0   0   0   0   0   0   0   0   ∑ =  25
16:  21   0   5   0   0   0   0   0   0   0   0   0   0   0   0   0   0   0   0   0   ∑ =  26
17:  26   3   1   1   0   0   0   0   0   0   0   0   0   0   0   0   0   0   0   0   ∑ =  31
18:  23   4   3   0   0   0   0   0   0   0   0   0   0   0   0   0   0   0   0   0   ∑ =  30
19:   0   0   0   0   0   0   0   0   0   0   0   0   0   0   0   0   0   0   0   0   ∑ =   0

------ Spanish Results ------
Macro F-Score (official): 5.458
-----
Micro F-Score: 22.1
Precision: 22.1
Recall: 22.1

----- Details -----
Training data len: 9000 Testing data len: 1000
Training data class counts: 0: 1819, 1: 1250, 2: 866, 3: 631, 4: 576, 5: 358, 6: 338, 7: 339, 8: 299, 9: 338, 10: 237, 11: 248, 12: 281, 13: 255, 14: 258, 15: 222, 16: 234, 17: 226, 18: 225, 19: 0
Testing  data class counts: 0: 209, 1: 113, 2: 104, 3: 74, 4: 69, 5: 57, 6: 29, 7: 47, 8: 21, 9: 31, 10: 30, 11: 23, 12: 32, 13: 26, 14: 24, 15: 22, 16: 28, 17: 34, 18: 27, 19: 0
--- Matrix ---
 0: 177  20  10   1   0   0   0   0   0   1   0   0   0   0   0   0   0   0   0   0   ∑ = 209
 1:  86  20   6   1   0   0   0   0   0   0   0   0   0   0   0   0   0   0   0   0   ∑ = 113
 2:  77   9  18   0   0   0   0   0   0   0   0   0   0   0   0   0   0   0   0   0   ∑ = 104
 3:  59  10   4   0   0   0   0   0   0   1   0   0   0   0   0   0   0   0   0   0   ∑ =  74
 4:  45  13  11   0   0   0   0   0   0   0   0   0   0   0   0   0   0   0   0   0   ∑ =  69
 5:  45   7   5   0   0   0   0   0   0   0   0   0   0   0   0   0   0   0   0   0   ∑ =  57
 6:  20   5   3   0   1   0   0   0   0   0   0   0   0   0   0   0   0   0   0   0   ∑ =  29
 7:  32   8   7   0   0   0   0   0   0   0   0   0   0   0   0   0   0   0   0   0   ∑ =  47
 8:  16   0   3   1   0   0   0   0   0   1   0   0   0   0   0   0   0   0   0   0   ∑ =  21
 9:  18   5   3   0   0   0   0   0   0   5   0   0   0   0   0   0   0   0   0   0   ∑ =  31
10:  26   2   2   0   0   0   0   0   0   0   0   0   0   0   0   0   0   0   0   0   ∑ =  30
11:  17   1   4   0   0   0   0   0   0   1   0   0   0   0   0   0   0   0   0   0   ∑ =  23
12:  30   1   0   0   1   0   0   0   0   0   0   0   0   0   0   0   0   0   0   0   ∑ =  32
13:  19   5   1   0   0   0   0   0   0   0   0   0   0   1   0   0   0   0   0   0   ∑ =  26
14:  21   0   2   0   0   1   0   0   0   0   0   0   0   0   0   0   0   0   0   0   ∑ =  24
15:  17   2   2   1   0   0   0   0   0   0   0   0   0   0   0   0   0   0   0   0   ∑ =  22
16:  21   3   4   0   0   0   0   0   0   0   0   0   0   0   0   0   0   0   0   0   ∑ =  28
17:  30   2   2   0   0   0   0   0   0   0   0   0   0   0   0   0   0   0   0   0   ∑ =  34
18:  18   1   6   0   1   0   0   0   0   1   0   0   0   0   0   0   0   0   0   0   ∑ =  27
19:   0   0   0   0   0   0   0   0   0   0   0   0   0   0   0   0   0   0   0   0   ∑ =   0

------ Spanish Results ------
Macro F-Score (official): 5.853
-----
Micro F-Score: 22.5
Precision: 22.5
Recall: 22.5

----- Details -----
Training data len: 9000 Testing data len: 1000
Training data class counts: 0: 1835, 1: 1217, 2: 878, 3: 629, 4: 573, 5: 387, 6: 338, 7: 330, 8: 289, 9: 336, 10: 242, 11: 240, 12: 282, 13: 255, 14: 255, 15: 219, 16: 235, 17: 229, 18: 231, 19: 0
Testing  data class counts: 0: 193, 1: 146, 2: 92, 3: 76, 4: 72, 5: 28, 6: 29, 7: 56, 8: 31, 9: 33, 10: 25, 11: 31, 12: 31, 13: 26, 14: 27, 15: 25, 16: 27, 17: 31, 18: 21, 19: 0
--- Matrix ---
 0: 165   8  18   0   0   0   0   0   0   2   0   0   0   0   0   0   0   0   0   0   ∑ = 193
 1: 106  21  14   1   0   0   0   0   0   4   0   0   0   0   0   0   0   0   0   0   ∑ = 146
 2:  52   9  31   0   0   0   0   0   0   0   0   0   0   0   0   0   0   0   0   0   ∑ =  92
 3:  66   4   5   0   0   0   0   0   0   1   0   0   0   0   0   0   0   0   0   0   ∑ =  76
 4:  59   9   4   0   0   0   0   0   0   0   0   0   0   0   0   0   0   0   0   0   ∑ =  72
 5:  24   2   2   0   0   0   0   0   0   0   0   0   0   0   0   0   0   0   0   0   ∑ =  28
 6:  21   2   5   0   1   0   0   0   0   0   0   0   0   0   0   0   0   0   0   0   ∑ =  29
 7:  30   4  21   0   1   0   0   0   0   0   0   0   0   0   0   0   0   0   0   0   ∑ =  56
 8:  28   1   2   0   0   0   0   0   0   0   0   0   0   0   0   0   0   0   0   0   ∑ =  31
 9:  17   4   4   0   0   0   0   0   0   8   0   0   0   0   0   0   0   0   0   0   ∑ =  33
10:  19   3   3   0   0   0   0   0   0   0   0   0   0   0   0   0   0   0   0   0   ∑ =  25
11:  25   3   1   1   0   0   0   0   0   1   0   0   0   0   0   0   0   0   0   0   ∑ =  31
12:  21   3   5   1   0   0   0   0   0   1   0   0   0   0   0   0   0   0   0   0   ∑ =  31
13:  17   3   6   0   0   0   0   0   0   0   0   0   0   0   0   0   0   0   0   0   ∑ =  26
14:  26   1   0   0   0   0   0   0   0   0   0   0   0   0   0   0   0   0   0   0   ∑ =  27
15:  18   2   4   1   0   0   0   0   0   0   0   0   0   0   0   0   0   0   0   0   ∑ =  25
16:  14   5   8   0   0   0   0   0   0   0   0   0   0   0   0   0   0   0   0   0   ∑ =  27
17:  27   0   4   0   0   0   0   0   0   0   0   0   0   0   0   0   0   0   0   0   ∑ =  31
18:  16   0   4   0   0   0   0   0   0   1   0   0   0   0   0   0   0   0   0   0   ∑ =  21
19:   0   0   0   0   0   0   0   0   0   0   0   0   0   0   0   0   0   0   0   0   ∑ =   0

------ Spanish Results ------
Macro F-Score (official): 5.886
-----
Micro F-Score: 22.5
Precision: 22.5
Recall: 22.5

----- Details -----
Training data len: 9000 Testing data len: 1000
Training data class counts: 0: 1827, 1: 1219, 2: 859, 3: 644, 4: 597, 5: 380, 6: 327, 7: 351, 8: 286, 9: 335, 10: 239, 11: 239, 12: 278, 13: 251, 14: 247, 15: 221, 16: 235, 17: 241, 18: 224, 19: 0
Testing  data class counts: 0: 201, 1: 144, 2: 111, 3: 61, 4: 48, 5: 35, 6: 40, 7: 35, 8: 34, 9: 34, 10: 28, 11: 32, 12: 35, 13: 30, 14: 35, 15: 23, 16: 27, 17: 19, 18: 28, 19: 0
--- Matrix ---
 0: 175  15   7   1   0   0   0   0   0   3   0   0   0   0   0   0   0   0   0   0   ∑ = 201
 1: 113  15  11   0   2   1   0   0   0   2   0   0   0   0   0   0   0   0   0   0   ∑ = 144
 2:  77  10  24   0   0   0   0   0   0   0   0   0   0   0   0   0   0   0   0   0   ∑ = 111
 3:  51   3   6   0   0   0   0   0   0   1   0   0   0   0   0   0   0   0   0   0   ∑ =  61
 4:  39   3   3   0   1   0   0   0   0   2   0   0   0   0   0   0   0   0   0   0   ∑ =  48
 5:  28   5   2   0   0   0   0   0   0   0   0   0   0   0   0   0   0   0   0   0   ∑ =  35
 6:  24   7   8   0   1   0   0   0   0   0   0   0   0   0   0   0   0   0   0   0   ∑ =  40
 7:  23   5   4   1   1   0   0   0   0   1   0   0   0   0   0   0   0   0   0   0   ∑ =  35
 8:  29   4   1   0   0   0   0   0   0   0   0   0   0   0   0   0   0   0   0   0   ∑ =  34
 9:  12   9   1   1   1   0   0   0   0  10   0   0   0   0   0   0   0   0   0   0   ∑ =  34
10:  24   2   2   0   0   0   0   0   0   0   0   0   0   0   0   0   0   0   0   0   ∑ =  28
11:  25   4   1   1   0   0   0   0   1   0   0   0   0   0   0   0   0   0   0   0   ∑ =  32
12:  27   4   4   0   0   0   0   0   0   0   0   0   0   0   0   0   0   0   0   0   ∑ =  35
13:  17   6   6   0   1   0   0   0   0   0   0   0   0   0   0   0   0   0   0   0   ∑ =  30
14:  29   1   5   0   0   0   0   0   0   0   0   0   0   0   0   0   0   0   0   0   ∑ =  35
15:  17   3   2   1   0   0   0   0   0   0   0   0   0   0   0   0   0   0   0   0   ∑ =  23
16:  17   2   7   0   1   0   0   0   0   0   0   0   0   0   0   0   0   0   0   0   ∑ =  27
17:  18   1   0   0   0   0   0   0   0   0   0   0   0   0   0   0   0   0   0   0   ∑ =  19
18:  16   5   6   0   0   0   0   0   0   1   0   0   0   0   0   0   0   0   0   0   ∑ =  28
19:   0   0   0   0   0   0   0   0   0   0   0   0   0   0   0   0   0   0   0   0   ∑ =   0

------ Spanish Results ------
Macro F-Score (official): 6.695
-----
Micro F-Score: 25.2
Precision: 25.2
Recall: 25.2

----- Details -----
Training data len: 9000 Testing data len: 1000
Training data class counts: 0: 1804, 1: 1221, 2: 891, 3: 645, 4: 582, 5: 372, 6: 330, 7: 358, 8: 286, 9: 327, 10: 244, 11: 246, 12: 273, 13: 249, 14: 251, 15: 218, 16: 243, 17: 234, 18: 226, 19: 0
Testing  data class counts: 0: 224, 1: 142, 2: 79, 3: 60, 4: 63, 5: 43, 6: 37, 7: 28, 8: 34, 9: 42, 10: 23, 11: 25, 12: 40, 13: 32, 14: 31, 15: 26, 16: 19, 17: 26, 18: 26, 19: 0
--- Matrix ---
 0: 189  19  10   1   2   0   0   0   1   2   0   0   0   0   0   0   0   0   0   0   ∑ = 224
 1: 103  25  12   0   1   0   0   0   0   1   0   0   0   0   0   0   0   0   0   0   ∑ = 142
 2:  38  17  24   0   0   0   0   0   0   0   0   0   0   0   0   0   0   0   0   0   ∑ =  79
 3:  52   5   3   0   0   0   0   0   0   0   0   0   0   0   0   0   0   0   0   0   ∑ =  60
 4:  39  11  12   0   1   0   0   0   0   0   0   0   0   0   0   0   0   0   0   0   ∑ =  63
 5:  35   2   6   0   0   0   0   0   0   0   0   0   0   0   0   0   0   0   0   0   ∑ =  43
 6:  26   4   6   0   0   1   0   0   0   0   0   0   0   0   0   0   0   0   0   0   ∑ =  37
 7:  19   3   6   0   0   0   0   0   0   0   0   0   0   0   0   0   0   0   0   0   ∑ =  28
 8:  26   2   6   0   0   0   0   0   0   0   0   0   0   0   0   0   0   0   0   0   ∑ =  34
 9:  24   3   2   0   0   0   0   0   0  13   0   0   0   0   0   0   0   0   0   0   ∑ =  42
10:  17   4   2   0   0   0   0   0   0   0   0   0   0   0   0   0   0   0   0   0   ∑ =  23
11:  24   1   0   0   0   0   0   0   0   0   0   0   0   0   0   0   0   0   0   0   ∑ =  25
12:  34   3   2   0   0   1   0   0   0   0   0   0   0   0   0   0   0   0   0   0   ∑ =  40
13:  14   5  11   0   1   0   0   0   0   1   0   0   0   0   0   0   0   0   0   0   ∑ =  32
14:  27   3   0   0   0   0   0   0   0   1   0   0   0   0   0   0   0   0   0   0   ∑ =  31
15:  19   3   4   0   0   0   0   0   0   0   0   0   0   0   0   0   0   0   0   0   ∑ =  26
16:  10   5   3   0   0   0   0   0   0   1   0   0   0   0   0   0   0   0   0   0   ∑ =  19
17:  21   2   3   0   0   0   0   0   0   0   0   0   0   0   0   0   0   0   0   0   ∑ =  26
18:  14   3   6   0   1   0   0   0   0   2   0   0   0   0   0   0   0   0   0   0   ∑ =  26
19:   0   0   0   0   0   0   0   0   0   0   0   0   0   0   0   0   0   0   0   0   ∑ =   0

------ Spanish Results ------
Macro F-Score (official): 6.291
-----
Micro F-Score: 24.3
Precision: 24.3
Recall: 24.3

----- Details -----
Training data len: 9000 Testing data len: 1000
Training data class counts: 0: 1811, 1: 1236, 2: 866, 3: 637, 4: 579, 5: 374, 6: 329, 7: 355, 8: 283, 9: 330, 10: 242, 11: 250, 12: 278, 13: 254, 14: 258, 15: 218, 16: 238, 17: 230, 18: 232, 19: 0
Testing  data class counts: 0: 217, 1: 127, 2: 104, 3: 68, 4: 66, 5: 41, 6: 38, 7: 31, 8: 37, 9: 39, 10: 25, 11: 21, 12: 35, 13: 27, 14: 24, 15: 26, 16: 24, 17: 30, 18: 20, 19: 0
--- Matrix ---
 0: 178  20  15   1   0   0   0   0   0   3   0   0   0   0   0   0   0   0   0   0   ∑ = 217
 1:  87  23  15   0   1   0   0   0   0   1   0   0   0   0   0   0   0   0   0   0   ∑ = 127
 2:  57  12  33   0   0   1   0   0   0   1   0   0   0   0   0   0   0   0   0   0   ∑ = 104
 3:  53   6   7   1   0   0   0   0   0   1   0   0   0   0   0   0   0   0   0   0   ∑ =  68
 4:  42  12  12   0   0   0   0   0   0   0   0   0   0   0   0   0   0   0   0   0   ∑ =  66
 5:  29   7   4   0   0   1   0   0   0   0   0   0   0   0   0   0   0   0   0   0   ∑ =  41
 6:  30   4   3   0   1   0   0   0   0   0   0   0   0   0   0   0   0   0   0   0   ∑ =  38
 7:  21   6   4   0   0   0   0   0   0   0   0   0   0   0   0   0   0   0   0   0   ∑ =  31
 8:  32   2   3   0   0   0   0   0   0   0   0   0   0   0   0   0   0   0   0   0   ∑ =  37
 9:  25   7   0   0   0   0   0   0   0   7   0   0   0   0   0   0   0   0   0   0   ∑ =  39
10:  23   2   0   0   0   0   0   0   0   0   0   0   0   0   0   0   0   0   0   0   ∑ =  25
11:  19   0   1   0   0   0   0   0   0   1   0   0   0   0   0   0   0   0   0   0   ∑ =  21
12:  27   4   3   0   0   0   1   0   0   0   0   0   0   0   0   0   0   0   0   0   ∑ =  35
13:  19   7   1   0   0   0   0   0   0   0   0   0   0   0   0   0   0   0   0   0   ∑ =  27
14:  22   0   2   0   0   0   0   0   0   0   0   0   0   0   0   0   0   0   0   0   ∑ =  24
15:  19   1   4   2   0   0   0   0   0   0   0   0   0   0   0   0   0   0   0   0   ∑ =  26
16:  17   1   6   0   0   0   0   0   0   0   0   0   0   0   0   0   0   0   0   0   ∑ =  24
17:  26   2   2   0   0   0   0   0   0   0   0   0   0   0   0   0   0   0   0   0   ∑ =  30
18:  14   4   2   0   0   0   0   0   0   0   0   0   0   0   0   0   0   0   0   0   ∑ =  20
19:   0   0   0   0   0   0   0   0   0   0   0   0   0   0   0   0   0   0   0   0   ∑ =   0

------ Spanish Results ------
Macro F-Score (official): 6.793
-----
Micro F-Score: 24.6
Precision: 24.6
Recall: 24.6

----- Details -----
Training data len: 9000 Testing data len: 1000
Training data class counts: 0: 1819, 1: 1211, 2: 897, 3: 626, 4: 570, 5: 369, 6: 327, 7: 354, 8: 293, 9: 334, 10: 244, 11: 247, 12: 288, 13: 261, 14: 254, 15: 218, 16: 228, 17: 236, 18: 224, 19: 0
Testing  data class counts: 0: 209, 1: 152, 2: 73, 3: 79, 4: 75, 5: 46, 6: 40, 7: 32, 8: 27, 9: 35, 10: 23, 11: 24, 12: 25, 13: 20, 14: 28, 15: 26, 16: 34, 17: 24, 18: 28, 19: 0
--- Matrix ---
 0: 182  10  17   0   0   0   0   0   0   0   0   0   0   0   0   0   0   0   0   0   ∑ = 209
 1:  93  32  20   0   1   0   0   0   0   6   0   0   0   0   0   0   0   0   0   0   ∑ = 152
 2:  40  14  19   0   0   0   0   0   0   0   0   0   0   0   0   0   0   0   0   0   ∑ =  73
 3:  68   4   4   3   0   0   0   0   0   0   0   0   0   0   0   0   0   0   0   0   ∑ =  79
 4:  58   6   9   0   1   0   0   0   0   1   0   0   0   0   0   0   0   0   0   0   ∑ =  75
 5:  34   5   5   1   0   0   0   0   1   0   0   0   0   0   0   0   0   0   0   0   ∑ =  46
 6:  27   6   7   0   0   0   0   0   0   0   0   0   0   0   0   0   0   0   0   0   ∑ =  40
 7:  16   5  10   1   0   0   0   0   0   0   0   0   0   0   0   0   0   0   0   0   ∑ =  32
 8:  24   0   3   0   0   0   0   0   0   0   0   0   0   0   0   0   0   0   0   0   ∑ =  27
 9:  22   4   1   0   0   0   0   0   0   8   0   0   0   0   0   0   0   0   0   0   ∑ =  35
10:  20   1   2   0   0   0   0   0   0   0   0   0   0   0   0   0   0   0   0   0   ∑ =  23
11:  22   2   0   0   0   0   0   0   0   0   0   0   0   0   0   0   0   0   0   0   ∑ =  24
12:  20   2   2   0   0   0   0   0   0   1   0   0   0   0   0   0   0   0   0   0   ∑ =  25
13:  14   1   4   0   1   0   0   0   0   0   0   0   0   0   0   0   0   0   0   0   ∑ =  20
14:  26   0   1   0   1   0   0   0   0   0   0   0   0   0   0   0   0   0   0   0   ∑ =  28
15:  22   2   2   0   0   0   0   0   0   0   0   0   0   0   0   0   0   0   0   0   ∑ =  26
16:  23   4   6   0   0   0   0   0   0   0   0   0   0   0   0   0   1   0   0   0   ∑ =  34
17:  22   1   1   0   0   0   0   0   0   0   0   0   0   0   0   0   0   0   0   0   ∑ =  24
18:  17   3   6   0   1   0   0   0   0   1   0   0   0   0   0   0   0   0   0   0   ∑ =  28
19:   0   0   0   0   0   0   0   0   0   0   0   0   0   0   0   0   0   0   0   0   ∑ =   0

------ Spanish Results ------
Macro F-Score (official): 6.249
-----
Micro F-Score: 24.9
Precision: 24.9
Recall: 24.9

----- Details -----
Training data len: 9000 Testing data len: 1000
Training data class counts: 0: 1816, 1: 1220, 2: 857, 3: 640, 4: 592, 5: 376, 6: 327, 7: 351, 8: 292, 9: 327, 10: 240, 11: 240, 12: 279, 13: 257, 14: 253, 15: 218, 16: 241, 17: 244, 18: 230, 19: 0
Testing  data class counts: 0: 212, 1: 143, 2: 113, 3: 65, 4: 53, 5: 39, 6: 40, 7: 35, 8: 28, 9: 42, 10: 27, 11: 31, 12: 34, 13: 24, 14: 29, 15: 26, 16: 21, 17: 16, 18: 22, 19: 0
--- Matrix ---
 0: 181  15  15   0   0   0   0   0   0   1   0   0   0   0   0   0   0   0   0   0   ∑ = 212
 1: 104  24  14   0   0   0   0   0   0   1   0   0   0   0   0   0   0   0   0   0   ∑ = 143
 2:  65  12  34   0   2   0   0   0   0   0   0   0   0   0   0   0   0   0   0   0   ∑ = 113
 3:  57   6   2   0   0   0   0   0   0   0   0   0   0   0   0   0   0   0   0   0   ∑ =  65
 4:  35   7   8   1   1   0   0   0   0   1   0   0   0   0   0   0   0   0   0   0   ∑ =  53
 5:  31   2   6   0   0   0   0   0   0   0   0   0   0   0   0   0   0   0   0   0   ∑ =  39
 6:  26   8   6   0   0   0   0   0   0   0   0   0   0   0   0   0   0   0   0   0   ∑ =  40
 7:  21   1  12   0   1   0   0   0   0   0   0   0   0   0   0   0   0   0   0   0   ∑ =  35
 8:  21   2   4   1   0   0   0   0   0   0   0   0   0   0   0   0   0   0   0   0   ∑ =  28
 9:  24   6   3   0   0   0   0   0   0   9   0   0   0   0   0   0   0   0   0   0   ∑ =  42
10:  18   3   3   0   1   0   0   0   0   2   0   0   0   0   0   0   0   0   0   0   ∑ =  27
11:  22   2   5   0   2   0   0   0   0   0   0   0   0   0   0   0   0   0   0   0   ∑ =  31
12:  28   3   2   0   0   1   0   0   0   0   0   0   0   0   0   0   0   0   0   0   ∑ =  34
13:  14   5   5   0   0   0   0   0   0   0   0   0   0   0   0   0   0   0   0   0   ∑ =  24
14:  26   1   1   0   0   0   0   0   0   0   0   0   0   0   0   0   1   0   0   0   ∑ =  29
15:  23   1   2   0   0   0   0   0   0   0   0   0   0   0   0   0   0   0   0   0   ∑ =  26
16:   9   2   8   0   0   0   0   0   0   2   0   0   0   0   0   0   0   0   0   0   ∑ =  21
17:  12   1   3   0   0   0   0   0   0   0   0   0   0   0   0   0   0   0   0   0   ∑ =  16
18:  12   3   6   0   0   0   0   0   0   1   0   0   0   0   0   0   0   0   0   0   ∑ =  22
19:   0   0   0   0   0   0   0   0   0   0   0   0   0   0   0   0   0   0   0   0   ∑ =   0

------ Spanish Results ------
Macro F-Score (official): 6.651
-----
Micro F-Score: 22.4
Precision: 22.4
Recall: 22.4

----- Details -----
Training data len: 9000 Testing data len: 1000
Training data class counts: 0: 1835, 1: 1220, 2: 864, 3: 629, 4: 575, 5: 380, 6: 325, 7: 349, 8: 295, 9: 327, 10: 242, 11: 252, 12: 289, 13: 246, 14: 250, 15: 221, 16: 235, 17: 236, 18: 230, 19: 0
Testing  data class counts: 0: 193, 1: 143, 2: 106, 3: 76, 4: 70, 5: 35, 6: 42, 7: 37, 8: 25, 9: 42, 10: 25, 11: 19, 12: 24, 13: 35, 14: 32, 15: 23, 16: 27, 17: 24, 18: 22, 19: 0
--- Matrix ---
 0: 161  18  11   1   1   0   0   0   0   1   0   0   0   0   0   0   0   0   0   0   ∑ = 193
 1: 102  21  16   0   0   0   0   0   0   4   0   0   0   0   0   0   0   0   0   0   ∑ = 143
 2:  67  12  26   0   1   0   0   0   0   0   0   0   0   0   0   0   0   0   0   0   ∑ = 106
 3:  65   6   5   0   0   0   0   0   0   0   0   0   0   0   0   0   0   0   0   0   ∑ =  76
 4:  51  11   5   0   1   0   0   0   0   1   0   0   1   0   0   0   0   0   0   0   ∑ =  70
 5:  28   3   3   0   0   1   0   0   0   0   0   0   0   0   0   0   0   0   0   0   ∑ =  35
 6:  32   3   6   0   0   0   0   0   0   1   0   0   0   0   0   0   0   0   0   0   ∑ =  42
 7:  25   3   9   0   0   0   0   0   0   0   0   0   0   0   0   0   0   0   0   0   ∑ =  37
 8:  20   3   1   0   0   0   0   0   0   0   0   0   0   0   0   1   0   0   0   0   ∑ =  25
 9:  20   5   2   1   0   0   0   0   0  14   0   0   0   0   0   0   0   0   0   0   ∑ =  42
10:  19   5   1   0   0   0   0   0   0   0   0   0   0   0   0   0   0   0   0   0   ∑ =  25
11:  18   0   1   0   0   0   0   0   0   0   0   0   0   0   0   0   0   0   0   0   ∑ =  19
12:  17   4   2   1   0   0   0   0   0   0   0   0   0   0   0   0   0   0   0   0   ∑ =  24
13:  21   5   8   0   0   0   0   0   0   1   0   0   0   0   0   0   0   0   0   0   ∑ =  35
14:  28   3   1   0   0   0   0   0   0   0   0   0   0   0   0   0   0   0   0   0   ∑ =  32
15:  18   0   2   2   0   1   0   0   0   0   0   0   0   0   0   0   0   0   0   0   ∑ =  23
16:  17   3   5   1   0   0   0   0   0   1   0   0   0   0   0   0   0   0   0   0   ∑ =  27
17:  21   3   0   0   0   0   0   0   0   0   0   0   0   0   0   0   0   0   0   0   ∑ =  24
18:  16   1   5   0   0   0   0   0   0   0   0   0   0   0   0   0   0   0   0   0   ∑ =  22
19:   0   0   0   0   0   0   0   0   0   0   0   0   0   0   0   0   0   0   0   0   ∑ =   0


